/*--------------------------------*- C++ -*----------------------------------*\
| =========                 |                                                 |
| \\      /  F ield         | OpenFOAM: The Open Source CFD Toolbox           |
|  \\    /   O peration     | Version:  2106                                  |
|   \\  /    A nd           | Website:  www.openfoam.com                      |
|    \\/     M anipulation  |                                                 |
\*---------------------------------------------------------------------------*/
FoamFile
{
    version     2.0;
    format      ascii;
    arch        "LSB;label=32;scalar=64";
    class       volScalarField;
    location    "80";
    object      sigmaEq;
}
// * * * * * * * * * * * * * * * * * * * * * * * * * * * * * * * * * * * * * //

dimensions      [1 -1 -2 0 0 0 0];

internalField   nonuniform List<scalar> 
3500
(
1.25427e+06
1.63705e+06
2.09175e+06
2.46293e+06
2.7649e+06
3.01048e+06
3.20724e+06
3.3599e+06
3.47068e+06
3.54131e+06
3.57218e+06
3.564e+06
3.51642e+06
3.42974e+06
3.30327e+06
3.13716e+06
2.93065e+06
2.68404e+06
2.39705e+06
2.07134e+06
1.71001e+06
1.3236e+06
942927
678178
762604
1.1597e+06
1.67242e+06
2.21992e+06
2.77588e+06
3.27584e+06
1.97842e+06
1.92165e+06
1.9549e+06
2.05568e+06
2.18755e+06
2.32096e+06
2.43972e+06
2.53753e+06
2.611e+06
2.65945e+06
2.68173e+06
2.67825e+06
2.64848e+06
2.59345e+06
2.51334e+06
2.41019e+06
2.28564e+06
2.14402e+06
1.9906e+06
1.83531e+06
1.69212e+06
1.58253e+06
1.53245e+06
1.56623e+06
1.69436e+06
1.90965e+06
2.19323e+06
2.51648e+06
2.82407e+06
3.01183e+06
2.20143e+06
2.1114e+06
1.9894e+06
1.89431e+06
1.84019e+06
1.82054e+06
1.82236e+06
1.83475e+06
1.84992e+06
1.86335e+06
1.87216e+06
1.8753e+06
1.87249e+06
1.86482e+06
1.854e+06
1.8431e+06
1.83582e+06
1.83715e+06
1.85239e+06
1.88719e+06
1.94616e+06
2.0324e+06
2.14635e+06
2.286e+06
2.44714e+06
2.62384e+06
2.80644e+06
2.9747e+06
3.08799e+06
3.08895e+06
2.17383e+06
2.0952e+06
1.94444e+06
1.77363e+06
1.60852e+06
1.46357e+06
1.3446e+06
1.25312e+06
1.18899e+06
1.15188e+06
1.14122e+06
1.1562e+06
1.19549e+06
1.25748e+06
1.34031e+06
1.44225e+06
1.56169e+06
1.69732e+06
1.84786e+06
2.01209e+06
2.18851e+06
2.37516e+06
2.56916e+06
2.76629e+06
2.96012e+06
3.14068e+06
3.29156e+06
3.3867e+06
3.38958e+06
3.26971e+06
2.04923e+06
1.96298e+06
1.81137e+06
1.62497e+06
1.42105e+06
1.21311e+06
1.01044e+06
820588
654006
530586
482621
530318
653303
819033
1.00749e+06
1.20906e+06
1.41909e+06
1.63528e+06
1.85638e+06
2.0817e+06
2.31076e+06
2.54307e+06
2.77752e+06
3.01136e+06
3.23822e+06
3.445e+06
3.60826e+06
3.69228e+06
3.65496e+06
3.46862e+06
1.89098e+06
1.78194e+06
1.63831e+06
1.47194e+06
1.29106e+06
1.10297e+06
913331
728053
556649
421220
368131
431971
576835
758912
958180
1.16671e+06
1.3811e+06
1.59987e+06
1.82248e+06
2.04907e+06
2.28036e+06
2.51764e+06
2.76232e+06
3.01491e+06
3.27202e+06
3.52148e+06
3.73568e+06
3.86845e+06
3.8602e+06
3.66314e+06
1.72981e+06
1.59885e+06
1.49061e+06
1.39267e+06
1.30301e+06
1.22133e+06
1.14809e+06
1.08627e+06
1.03926e+06
1.01166e+06
1.00661e+06
1.02657e+06
1.07131e+06
1.13969e+06
1.22897e+06
1.33685e+06
1.46083e+06
1.59951e+06
1.75186e+06
1.91812e+06
2.09932e+06
2.29805e+06
2.51816e+06
2.76461e+06
3.04059e+06
3.34106e+06
3.64057e+06
3.88296e+06
3.98491e+06
3.86033e+06
1.58857e+06
1.47782e+06
1.472e+06
1.50284e+06
1.54912e+06
1.59728e+06
1.64173e+06
1.67851e+06
1.70764e+06
1.72787e+06
1.74054e+06
1.74504e+06
1.74338e+06
1.73575e+06
1.72525e+06
1.71347e+06
1.7052e+06
1.70404e+06
1.71679e+06
1.74934e+06
1.81024e+06
1.9073e+06
2.05057e+06
2.25056e+06
2.51954e+06
2.8653e+06
3.27518e+06
3.68537e+06
3.97525e+06
4.0371e+06
1.54091e+06
1.55704e+06
1.71399e+06
1.88257e+06
2.04225e+06
2.1854e+06
2.30758e+06
2.40675e+06
2.48122e+06
2.53046e+06
2.55357e+06
2.55065e+06
2.52133e+06
2.46631e+06
2.38594e+06
2.28191e+06
2.15597e+06
2.01194e+06
1.85508e+06
1.69498e+06
1.54667e+06
1.43527e+06
1.3962e+06
1.46998e+06
1.68659e+06
2.06015e+06
2.58878e+06
3.22463e+06
3.78434e+06
4.01224e+06
1.83142e+06
1.98699e+06
2.2519e+06
2.4986e+06
2.72261e+06
2.92228e+06
3.09335e+06
3.2334e+06
3.33871e+06
3.40835e+06
3.43974e+06
3.43323e+06
3.38688e+06
3.30178e+06
3.17627e+06
3.01192e+06
2.80728e+06
2.56436e+06
2.28213e+06
1.96332e+06
1.60811e+06
1.22236e+06
817507
465654
513568
994702
1.65246e+06
2.49882e+06
3.64284e+06
4.94191e+06
855543
815087
803655
914887
1.11617e+06
1.39782e+06
1.76626e+06
2.23882e+06
2.84139e+06
4.05716e+06
440478
744074
888201
1.08104e+06
1.30749e+06
1.58517e+06
1.93394e+06
2.37631e+06
2.93669e+06
3.61558e+06
254630
652020
881817
1.12482e+06
1.37789e+06
1.65628e+06
1.97953e+06
2.3625e+06
2.79832e+06
3.20918e+06
197552
589195
853273
1.11705e+06
1.38124e+06
1.65636e+06
1.95584e+06
2.28856e+06
2.64562e+06
2.96549e+06
262265
576633
833687
1.09373e+06
1.35391e+06
1.61985e+06
1.89964e+06
2.19981e+06
2.51722e+06
2.80513e+06
366089
607080
836373
1.07646e+06
1.32107e+06
1.57188e+06
1.83341e+06
2.11076e+06
2.40453e+06
2.67597e+06
472245
662503
859383
1.07256e+06
1.29482e+06
1.52593e+06
1.76803e+06
2.02495e+06
2.29873e+06
2.55435e+06
572935
728802
895850
1.08132e+06
1.27865e+06
1.48721e+06
1.70814e+06
1.94393e+06
2.1965e+06
2.43256e+06
667046
798235
939475
1.09914e+06
1.27165e+06
1.45679e+06
1.65518e+06
1.86842e+06
2.09798e+06
2.31054e+06
755132
867226
986154
1.1225e+06
1.27153e+06
1.43344e+06
1.609e+06
1.79901e+06
2.00421e+06
2.19099e+06
838414
934570
1.03367e+06
1.14881e+06
1.27595e+06
1.41569e+06
1.56871e+06
1.73544e+06
1.91626e+06
2.07682e+06
918389
1.00022e+06
1.08113e+06
1.17667e+06
1.28328e+06
1.4018e+06
1.5332e+06
1.67744e+06
1.83448e+06
1.96993e+06
996815
1.06486e+06
1.12847e+06
1.20532e+06
1.29241e+06
1.39082e+06
1.5014e+06
1.62404e+06
1.75874e+06
1.87107e+06
1.07561e+06
1.12953e+06
1.17608e+06
1.23473e+06
1.30286e+06
1.38168e+06
1.47237e+06
1.57456e+06
1.68821e+06
1.77986e+06
1.15686e+06
1.19555e+06
1.22468e+06
1.26499e+06
1.31433e+06
1.37406e+06
1.44528e+06
1.52777e+06
1.62189e+06
1.69524e+06
1.24276e+06
1.26433e+06
1.2751e+06
1.29659e+06
1.32685e+06
1.3673e+06
1.41941e+06
1.4829e+06
1.55836e+06
1.61558e+06
1.33557e+06
1.33742e+06
1.32832e+06
1.32989e+06
1.34043e+06
1.36137e+06
1.3941e+06
1.43864e+06
1.49626e+06
1.53908e+06
1.43748e+06
1.41628e+06
1.38528e+06
1.36557e+06
1.35531e+06
1.35578e+06
1.36873e+06
1.39422e+06
1.434e+06
1.46369e+06
1.55032e+06
1.50231e+06
1.44699e+06
1.40417e+06
1.37175e+06
1.35074e+06
1.34279e+06
1.34838e+06
1.37015e+06
1.38745e+06
1.67515e+06
1.59635e+06
1.51424e+06
1.44658e+06
1.3904e+06
1.34619e+06
1.31598e+06
1.30054e+06
1.30322e+06
1.30832e+06
1.81142e+06
1.69854e+06
1.58761e+06
1.4936e+06
1.41224e+06
1.34321e+06
1.28852e+06
1.24988e+06
1.23201e+06
1.22445e+06
1.95603e+06
1.80752e+06
1.66699e+06
1.54634e+06
1.43905e+06
1.34332e+06
1.26161e+06
1.1968e+06
1.15551e+06
1.13409e+06
2.10204e+06
1.91989e+06
1.75134e+06
1.60554e+06
1.47314e+06
1.35004e+06
1.23817e+06
1.14258e+06
1.07356e+06
1.0358e+06
2.23763e+06
2.02952e+06
1.83813e+06
1.67163e+06
1.51741e+06
1.36795e+06
1.22381e+06
1.09164e+06
987301
928300
2.34563e+06
2.12752e+06
1.92373e+06
1.74425e+06
1.57448e+06
1.40325e+06
1.22721e+06
1.05241e+06
901240
810665
2.40431e+06
2.20331e+06
2.00456e+06
1.82348e+06
1.64676e+06
1.46134e+06
1.259e+06
1.03985e+06
826875
682133
2.38959e+06
2.24788e+06
2.08044e+06
1.91153e+06
1.73668e+06
1.54645e+06
1.32864e+06
1.07297e+06
789059
542737
2.27963e+06
2.25993e+06
2.15773e+06
2.01405e+06
1.84708e+06
1.65956e+06
1.44008e+06
1.16735e+06
826879
396186
2.06643e+06
2.25016e+06
2.24188e+06
2.13055e+06
1.97453e+06
1.79604e+06
1.59076e+06
1.32958e+06
975058
271661
1.79534e+06
2.20495e+06
2.2757e+06
2.18737e+06
2.03854e+06
1.8702e+06
1.6978e+06
1.51078e+06
1.26889e+06
460109
3.37354e+06
2.98205e+06
2.88818e+06
2.93411e+06
3.02663e+06
3.13845e+06
3.28312e+06
3.53782e+06
4.19126e+06
6.25751e+06
3.79192e+06
2.9992e+06
2.60721e+06
2.43806e+06
2.36185e+06
2.32183e+06
2.31237e+06
2.3808e+06
2.63298e+06
2.96722e+06
4.06179e+06
3.09205e+06
2.43343e+06
2.01467e+06
1.73722e+06
1.54317e+06
1.42778e+06
1.44132e+06
1.6202e+06
1.75717e+06
4.18938e+06
3.16332e+06
2.34896e+06
1.73403e+06
1.26865e+06
938294
798711
897830
1.10673e+06
1.2143e+06
4.20788e+06
3.17677e+06
2.30763e+06
1.60625e+06
1.0427e+06
633506
527999
719455
915823
988648
4.1387e+06
3.12973e+06
2.28507e+06
1.6136e+06
1.09038e+06
737021
659140
819078
989114
1.04923e+06
3.98779e+06
3.02658e+06
2.28273e+06
1.74561e+06
1.36232e+06
1.10811e+06
1.00857e+06
1.08475e+06
1.24641e+06
1.32384e+06
3.74488e+06
2.87768e+06
2.32523e+06
2.00225e+06
1.79474e+06
1.63742e+06
1.52872e+06
1.52633e+06
1.6695e+06
1.77775e+06
3.38583e+06
2.72398e+06
2.45278e+06
2.36715e+06
2.32871e+06
2.28403e+06
2.23517e+06
2.24305e+06
2.42749e+06
2.70753e+06
2.91665e+06
2.65837e+06
2.6735e+06
2.77607e+06
2.87649e+06
2.95227e+06
3.01911e+06
3.1505e+06
3.61228e+06
5.26217e+06
3.89972e+06
3.18116e+06
3.01475e+06
2.97482e+06
2.91706e+06
2.8421e+06
2.76072e+06
2.67966e+06
2.65438e+06
2.89451e+06
2.32082e+06
2.9806e+06
3.00111e+06
2.94782e+06
2.88226e+06
2.8187e+06
2.75932e+06
2.69873e+06
2.62897e+06
2.41571e+06
1.73116e+06
2.70103e+06
2.94542e+06
2.91329e+06
2.84655e+06
2.7948e+06
2.75565e+06
2.70642e+06
2.58226e+06
2.2232e+06
1.35512e+06
2.4421e+06
2.86417e+06
2.86906e+06
2.80865e+06
2.76988e+06
2.74903e+06
2.70749e+06
2.54435e+06
2.14438e+06
1.12439e+06
2.25062e+06
2.77388e+06
2.81341e+06
2.76661e+06
2.74302e+06
2.73921e+06
2.70744e+06
2.52949e+06
2.11975e+06
1.09689e+06
2.14445e+06
2.68365e+06
2.74578e+06
2.71929e+06
2.7137e+06
2.72625e+06
2.70951e+06
2.5426e+06
2.13229e+06
1.24547e+06
2.12253e+06
2.59372e+06
2.66652e+06
2.66704e+06
2.68225e+06
2.71035e+06
2.71387e+06
2.58445e+06
2.18216e+06
1.46834e+06
2.16155e+06
2.49465e+06
2.57624e+06
2.61122e+06
2.64947e+06
2.69172e+06
2.7176e+06
2.65219e+06
2.28826e+06
1.76559e+06
2.20877e+06
2.37121e+06
2.47774e+06
2.55472e+06
2.61699e+06
2.67097e+06
2.71519e+06
2.73384e+06
2.52085e+06
2.81394e+06
2.1711e+06
2.21427e+06
2.37845e+06
2.50235e+06
2.58741e+06
2.64968e+06
2.70148e+06
2.79912e+06
3.11592e+06
28876.5
89603.2
257631
503082
784492
1.07029e+06
1.33416e+06
1.55338e+06
1.70879e+06
1.78396e+06
89791.6
296314
490662
665511
822259
962218
1.08269e+06
1.17723e+06
1.23841e+06
1.26291e+06
225098
462338
675584
828203
920791
961023
959631
929316
886045
850092
417868
609730
802742
926957
978409
961370
883913
760444
622747
539479
641880
732549
871198
954415
969910
918740
802926
629439
437418
389004
873356
827116
877827
906474
888633
822387
705180
540971
404956
532561
1.0923e+06
890760
822390
784720
743153
695267
639347
583164
615794
886965
1.28597e+06
915037
710687
612787
589585
637503
739952
871416
1.05923e+06
1.42314e+06
1.45083e+06
885159
581856
503439
598185
800395
1.06966e+06
1.39069e+06
1.79201e+06
2.40219e+06
1.75595e+06
907739
662939
719842
916189
1.19985e+06
1.56997e+06
2.06391e+06
2.86887e+06
4.9429e+06
1.11307e+06
987984
1.15536e+06
1.26802e+06
1.3931e+06
1.54227e+06
1.71908e+06
1.93002e+06
2.18795e+06
2.49861e+06
804376
829804
1.01473e+06
1.19253e+06
1.35037e+06
1.50846e+06
1.68064e+06
1.87967e+06
2.12003e+06
2.40777e+06
532460
680788
896589
1.11018e+06
1.29556e+06
1.46365e+06
1.63162e+06
1.81562e+06
2.03265e+06
2.29348e+06
347371
559423
814346
1.04748e+06
1.24553e+06
1.4168e+06
1.57702e+06
1.74305e+06
1.93329e+06
2.16134e+06
225186
502353
776081
1.01265e+06
1.20955e+06
1.37473e+06
1.52172e+06
1.66614e+06
1.82614e+06
2.01712e+06
184730
506470
777519
1.00413e+06
1.18952e+06
1.34076e+06
1.46892e+06
1.58786e+06
1.71487e+06
1.86669e+06
241984
551204
806239
1.01526e+06
1.18281e+06
1.31468e+06
1.41987e+06
1.5103e+06
1.60223e+06
1.71439e+06
347696
618938
851086
1.03891e+06
1.18538e+06
1.29485e+06
1.3744e+06
1.43433e+06
1.49022e+06
1.56306e+06
469959
699607
905114
1.06985e+06
1.19366e+06
1.27921e+06
1.33192e+06
1.36051e+06
1.37988e+06
1.41401e+06
599166
788107
964597
1.10487e+06
1.20522e+06
1.26631e+06
1.29179e+06
1.28888e+06
1.27188e+06
1.2677e+06
732120
881820
1.02769e+06
1.14234e+06
1.21865e+06
1.25511e+06
1.25364e+06
1.21971e+06
1.16644e+06
1.12384e+06
867590
979359
1.09348e+06
1.18146e+06
1.23328e+06
1.24526e+06
1.21733e+06
1.15302e+06
1.06385e+06
982049
1.00503e+06
1.07996e+06
1.1616e+06
1.222e+06
1.24889e+06
1.23652e+06
1.18291e+06
1.08925e+06
964362
841783
1.14428e+06
1.18322e+06
1.23187e+06
1.26391e+06
1.26549e+06
1.22905e+06
1.15052e+06
1.02865e+06
868696
702851
1.28531e+06
1.28894e+06
1.30428e+06
1.30732e+06
1.28323e+06
1.22288e+06
1.12046e+06
971972
777934
565461
1.42822e+06
1.39704e+06
1.37889e+06
1.35237e+06
1.30228e+06
1.21833e+06
1.093e+06
919854
694166
431408
1.57308e+06
1.50751e+06
1.45578e+06
1.39928e+06
1.32286e+06
1.21548e+06
1.06852e+06
873456
620616
306832
1.72001e+06
1.62041e+06
1.53508e+06
1.44821e+06
1.34513e+06
1.21459e+06
1.04729e+06
833853
562341
214469
1.86899e+06
1.73581e+06
1.61696e+06
1.49939e+06
1.36925e+06
1.21561e+06
1.02958e+06
802493
525830
211638
2.02002e+06
1.85386e+06
1.70165e+06
1.55296e+06
1.39518e+06
1.21849e+06
1.01534e+06
780442
517592
307935
2.17303e+06
1.97486e+06
1.78947e+06
1.60906e+06
1.42269e+06
1.22253e+06
1.00409e+06
768544
540787
448856
2.32809e+06
2.09941e+06
1.88092e+06
1.66755e+06
1.45094e+06
1.22654e+06
994573
766551
593352
608934
2.48562e+06
2.22871e+06
1.97661e+06
1.7278e+06
1.47804e+06
1.22777e+06
984380
773217
669199
780114
2.6471e+06
2.36506e+06
2.07704e+06
1.78762e+06
1.49989e+06
1.22168e+06
969521
785782
760967
958088
2.81636e+06
2.51228e+06
2.18127e+06
1.84135e+06
1.50863e+06
1.20054e+06
944336
800600
861362
1.13829e+06
3.00258e+06
2.67494e+06
2.28288e+06
1.87585e+06
1.49062e+06
1.15357e+06
902018
813595
963345
1.31434e+06
3.22618e+06
2.85182e+06
2.36033e+06
1.86584e+06
1.4261e+06
1.06797e+06
836729
822007
1.06007e+06
1.47731e+06
3.52903e+06
3.01256e+06
2.36201e+06
1.77383e+06
1.29422e+06
934078
747964
825843
1.14484e+06
1.61615e+06
3.9839e+06
3.04417e+06
2.20826e+06
1.56895e+06
1.08656e+06
754318
647820
829068
1.21147e+06
1.71942e+06
4.57042e+06
2.7517e+06
1.87868e+06
1.26941e+06
827832
559375
568428
836923
1.25308e+06
1.77892e+06
228932
355821
497846
654096
824480
1.01012e+06
1.21572e+06
1.45579e+06
1.77728e+06
2.36086e+06
184673
321403
488092
679693
894525
1.13275e+06
1.39671e+06
1.68743e+06
1.97842e+06
2.12832e+06
160171
298976
483801
700707
943552
1.20761e+06
1.48626e+06
1.76422e+06
2.00539e+06
2.14916e+06
139222
277228
478009
714333
974312
1.24858e+06
1.52635e+06
1.79288e+06
2.03027e+06
2.22272e+06
120782
255192
473579
727823
999993
1.27887e+06
1.55568e+06
1.82324e+06
2.07772e+06
2.31523e+06
121981
242834
482007
754556
1.03566e+06
1.31553e+06
1.59114e+06
1.86369e+06
2.13801e+06
2.41339e+06
171351
267284
526150
812918
1.09432e+06
1.36644e+06
1.63474e+06
1.90814e+06
2.19774e+06
2.50529e+06
299926
383829
645086
923096
1.18244e+06
1.43033e+06
1.68024e+06
1.94598e+06
2.24302e+06
2.57591e+06
649341
683813
877621
1.08752e+06
1.28948e+06
1.4953e+06
1.71672e+06
1.96626e+06
2.26005e+06
2.60718e+06
1.8873e+06
1.21845e+06
1.16837e+06
1.2509e+06
1.38103e+06
1.54227e+06
1.73393e+06
1.96141e+06
2.23852e+06
2.57516e+06
557331
1.19409e+06
1.39414e+06
1.37968e+06
1.31923e+06
1.25548e+06
1.19667e+06
1.1446e+06
1.10126e+06
1.06906e+06
166026
588090
790653
882843
912835
914462
907105
901620
905764
924702
159412
253485
421015
522409
585062
624892
654070
682789
719868
771449
189803
67603.5
200128
297149
365513
417745
462457
506941
558189
622019
170863
25347.7
88297.7
172168
235513
286692
332189
377336
427293
487412
135185
47817.4
52057
111596
163151
207102
246639
285067
325996
374294
99093.6
48300.8
44448.8
81274
120127
155671
188127
218764
249649
284795
69044.4
39510.5
36114.7
60093.3
89610.2
118513
145418
170099
193241
217624
46969.5
28831.3
24339.8
41409.8
65357.8
90042.9
113407
134367
152605
169624
32755.9
20189.7
11596.4
25443.1
46855
69187.8
90420
109166
124553
137086
25438.7
16651.9
5165.46
16806.3
36350.7
56688.6
76089.7
93115.8
106649
116566
23776
19418.9
15372.7
21414.1
35886.6
52961.7
69909.5
84995.7
96930.4
105240
26497.4
26022.8
26672.5
32128.8
42777.5
56313.5
70430.2
83348.4
93731.8
100975
32512.1
34547.8
37878.4
43865.9
52869.5
63955.4
75681
86638.7
95674.7
102250
41046.6
44504.1
49388.1
55966.5
64354.1
74046.2
84146.2
93669
101757
108063
51646.1
55922.9
61727.6
68773.9
76974.9
85953.2
95106.8
103776
111392
117834
64148.8
69032.6
75456.4
82871
91077.3
99746.7
108448
116756
124344
131301
78688.3
84226.6
91191.5
98937.1
107244
115836
124405
132712
140625
148413
95730.9
102118
109677
117755
126197
134808
143405
151912
160376
169213
116156
123636
131883
140280
148807
157390
165988
174699
183748
193684
141383
150145
159128
167743
176160
184464
192778
201404
210770
221554
173552
183609
193220
201768
209640
217101
224461
232256
241168
252016
215763
226768
236591
244443
250936
256516
261678
267207
274086
283326
272388
283367
292358
298216
301804
303754
304681
305554
307654
312259
349576
358378
364089
365223
363163
358719
352412
345125
338272
333472
456238
457947
454418
445130
432756
417956
400514
380687
359548
338948
606213
587055
559791
529698
500483
470570
437894
401420
360973
317958
821671
736460
656019
593046
541084
492198
442208
388158
327050
258232
1.13367e+06
838114
677313
580393
504279
438416
377027
313120
239009
150168
1.48072e+06
706513
515373
389471
303601
245419
199634
154248
101861
73141.1
2.96539e+06
2.39275e+06
2.12974e+06
1.92862e+06
1.76805e+06
1.63633e+06
1.52326e+06
1.42141e+06
1.32625e+06
1.23546e+06
2.33638e+06
2.30195e+06
2.19584e+06
2.05751e+06
1.91763e+06
1.78651e+06
1.66295e+06
1.54237e+06
1.42017e+06
1.29304e+06
2.11982e+06
2.14508e+06
2.13721e+06
2.08067e+06
1.98931e+06
1.87965e+06
1.75956e+06
1.63017e+06
1.48912e+06
1.33352e+06
2.03704e+06
2.05282e+06
2.07155e+06
2.06101e+06
2.00989e+06
1.92474e+06
1.81429e+06
1.68314e+06
1.53137e+06
1.35711e+06
2.00289e+06
2.00983e+06
2.02989e+06
2.03527e+06
2.00418e+06
1.93431e+06
1.83183e+06
1.70216e+06
1.54666e+06
1.36433e+06
1.99137e+06
1.99533e+06
2.01185e+06
2.01558e+06
1.98501e+06
1.91686e+06
1.81647e+06
1.68891e+06
1.53561e+06
1.35572e+06
2.00188e+06
2.00623e+06
2.01413e+06
2.00044e+06
1.95253e+06
1.87335e+06
1.76936e+06
1.64445e+06
1.49895e+06
1.33165e+06
2.05626e+06
2.05399e+06
2.03052e+06
1.97619e+06
1.89529e+06
1.79764e+06
1.6886e+06
1.56908e+06
1.43755e+06
1.29225e+06
2.2161e+06
2.1386e+06
2.02782e+06
1.90941e+06
1.79204e+06
1.68001e+06
1.57175e+06
1.46376e+06
1.35297e+06
1.23773e+06
2.57324e+06
2.12284e+06
1.90293e+06
1.74802e+06
1.62273e+06
1.51645e+06
1.42181e+06
1.3337e+06
1.24965e+06
1.16938e+06
955032
1.39278e+06
1.87034e+06
2.23238e+06
2.51287e+06
2.73656e+06
2.90733e+06
2.96285e+06
2.5924e+06
1.82903e+06
680669
1.35629e+06
1.92995e+06
2.34738e+06
2.6464e+06
2.84343e+06
2.91449e+06
2.75918e+06
2.16823e+06
942909
594366
1.27766e+06
1.89059e+06
2.3339e+06
2.62777e+06
2.77438e+06
2.73835e+06
2.43407e+06
1.7243e+06
417194
809874
1.26456e+06
1.81747e+06
2.23616e+06
2.49833e+06
2.58947e+06
2.47511e+06
2.09945e+06
1.41763e+06
737064
1.15573e+06
1.33512e+06
1.74565e+06
2.09307e+06
2.30362e+06
2.34661e+06
2.19549e+06
1.83542e+06
1.33753e+06
1.18075e+06
1.52427e+06
1.46259e+06
1.68638e+06
1.92912e+06
2.07682e+06
2.08481e+06
1.93794e+06
1.66426e+06
1.41999e+06
1.57856e+06
1.87645e+06
1.61632e+06
1.64162e+06
1.75827e+06
1.83726e+06
1.82362e+06
1.71374e+06
1.57071e+06
1.57146e+06
1.92851e+06
2.19512e+06
1.77488e+06
1.61128e+06
1.58932e+06
1.59465e+06
1.56981e+06
1.52119e+06
1.52928e+06
1.73773e+06
2.23372e+06
2.4716e+06
1.92441e+06
1.59407e+06
1.42882e+06
1.35364e+06
1.32425e+06
1.3554e+06
1.51905e+06
1.89485e+06
2.49499e+06
2.70168e+06
2.05626e+06
1.58753e+06
1.28258e+06
1.11712e+06
1.08661e+06
1.21355e+06
1.52519e+06
2.03203e+06
2.71205e+06
2.8834e+06
2.16467e+06
1.58811e+06
1.15639e+06
888749
858164
1.09561e+06
1.53831e+06
2.14387e+06
2.88402e+06
3.01614e+06
2.24608e+06
1.59207e+06
1.05658e+06
676369
644981
1.00464e+06
1.55208e+06
2.22726e+06
3.01018e+06
3.09967e+06
2.2981e+06
1.59609e+06
989739
500314
466325
945312
1.56287e+06
2.28043e+06
3.08959e+06
3.13413e+06
2.31951e+06
1.59791e+06
961623
410280
374957
922599
1.56843e+06
2.30226e+06
3.12182e+06
3.11948e+06
2.30967e+06
1.5965e+06
975156
460345
431256
938960
1.56826e+06
2.29236e+06
3.10618e+06
3.05582e+06
2.26883e+06
1.59237e+06
1.02919e+06
618013
595531
993279
1.56284e+06
2.25079e+06
3.0426e+06
2.94294e+06
2.19778e+06
1.58748e+06
1.11923e+06
824451
804930
1.08112e+06
1.55425e+06
2.17834e+06
2.9307e+06
2.78083e+06
2.09855e+06
1.58548e+06
1.23944e+06
1.05216e+06
1.03314e+06
1.19703e+06
1.54564e+06
2.07647e+06
2.77078e+06
2.56932e+06
1.97437e+06
1.59136e+06
1.38438e+06
1.29075e+06
1.27093e+06
1.33609e+06
1.54208e+06
1.94803e+06
2.56283e+06
2.30881e+06
1.83109e+06
1.61127e+06
1.5496e+06
1.53599e+06
1.51492e+06
1.495e+06
1.54999e+06
1.7977e+06
2.30754e+06
2.0004e+06
1.67811e+06
1.65158e+06
1.73151e+06
1.78591e+06
1.76408e+06
1.67215e+06
1.57793e+06
1.6339e+06
2.00534e+06
1.64781e+06
1.5313e+06
1.71787e+06
1.92706e+06
2.03946e+06
2.01879e+06
1.86804e+06
1.63574e+06
1.47148e+06
1.65749e+06
1.26103e+06
1.41498e+06
1.8136e+06
2.13313e+06
2.2957e+06
2.28017e+06
2.08505e+06
1.73526e+06
1.33763e+06
1.26567e+06
872100
1.36248e+06
1.93969e+06
2.34604e+06
2.55287e+06
2.54931e+06
2.32757e+06
1.88938e+06
1.27764e+06
835893
604119
1.40569e+06
2.09431e+06
2.5606e+06
2.80647e+06
2.82473e+06
2.59963e+06
2.11257e+06
1.3508e+06
409705
728093
1.55841e+06
2.27342e+06
2.76842e+06
3.04593e+06
3.09752e+06
2.89954e+06
2.41552e+06
1.60218e+06
422677
1.16174e+06
1.80821e+06
2.46836e+06
2.95425e+06
3.24976e+06
3.34363e+06
3.20727e+06
2.79195e+06
2.03795e+06
1.00313e+06
1.69555e+06
2.12307e+06
2.65875e+06
3.09071e+06
3.38138e+06
3.51742e+06
3.47094e+06
3.18835e+06
2.60937e+06
1.79691e+06
2.26253e+06
2.44308e+06
2.80074e+06
3.13673e+06
3.39263e+06
3.55442e+06
3.60461e+06
3.48825e+06
3.15137e+06
2.85812e+06
2.79168e+06
2.65493e+06
2.82979e+06
3.05279e+06
3.24643e+06
3.39645e+06
3.51061e+06
3.56651e+06
3.40945e+06
4.08927e+06
206969
244061
242948
241389
241357
242062
243365
245899
251154
261181
199895
137704
140654
152654
162588
170735
178493
187506
199930
218181
197934
89261.3
65005.7
80264.6
97020.2
110655
122908
136191
153282
177008
184193
83366.1
28434.4
32031.4
51580.2
66860.7
79840.7
93751.6
112130
138340
163935
87060.5
40364.8
29683.5
38785.5
47438.7
54166.7
62421.3
77167
102687
141666
86320.7
54862.2
48157.1
51383.6
52909.8
50365.4
46425.2
49767.6
70566.4
119907
80656.6
61357.4
60606.6
65191.9
66017.7
60166.9
47745.5
34341
43111.5
99898.3
71977.9
61663
66608.8
74593.4
77594.9
72520.2
58467.3
36708.1
25529.3
82256.2
61857.4
57936.7
68026.6
80001.7
86263.7
83687.6
71285.9
50027.6
30510.7
67303.5
51297.6
51799.6
66624.6
82731.6
92648.3
93308.5
83917.8
66099.4
48967.7
55238
40884.6
44453.6
63913.8
84124.8
97767.4
101956
96178.2
82677
69981.8
46201.6
30977.1
36949.1
61238.4
85391.7
102637
110412
108514
99630.6
91784.7
40327.1
21875.8
30506.3
59821.2
87569.1
108164
119455
121548
117412
114588
37740.4
14174.7
26774.3
60656.1
91472.7
115104
129798
135939
136661
139065
38544.8
9868.29
27233.5
64288.5
97650.8
124056
142077
152347
158094
166049
42768.1
11756.3
31618.8
70722.9
106394
135486
156863
171424
182469
196447
50356
16979.6
38280.6
79633.1
117851
149801
174724
193846
210582
231191
61158.3
22302.7
45835.7
90744.8
132235
167486
196300
220355
243266
271203
74909.2
26225.2
53736.3
104243
150115
189312
222449
251832
281408
317341
91145.1
27402.1
62555
121228
172787
216599
254414
289384
325951
370339
109110
23967.9
74767.4
144287
202699
251523
294021
334439
377891
430711
127593
13262.2
95732.6
178030
243810
297349
343819
388795
438246
498647
144676
11344.3
133699
229254
301676
358469
407074
454581
507968
573889
157257
53573.6
198730
306484
383046
440050
487481
534022
587778
655625
160138
128561
302590
419113
494978
547241
588477
628955
677904
742408
145503
255256
458691
576193
643616
683904
712158
740096
777743
832170
116319
458649
679384
784738
832361
850760
857877
866216
885542
922329
195031
756356
971757
1.04749e+06
1.05863e+06
1.04301e+06
1.02101e+06
1.00355e+06
998226
1.00999e+06
510230
1.14043e+06
1.34068e+06
1.35615e+06
1.30835e+06
1.24852e+06
1.19265e+06
1.14583e+06
1.1115e+06
1.09226e+06
934579
1.66022e+06
1.77389e+06
1.67011e+06
1.55138e+06
1.44816e+06
1.36018e+06
1.28447e+06
1.21988e+06
1.16635e+06
699952
761720
764820
668372
494015
261081
100072
473152
1.13222e+06
2.24615e+06
874755
843812
794505
670426
478229
229967
114975
475341
924766
1.30985e+06
1.06946e+06
909817
778235
615763
408783
170877
189200
493595
783889
941074
1.22213e+06
963034
758155
565420
362920
165721
191398
403555
575823
653924
1.33343e+06
1.0005e+06
745295
543427
370874
228292
191178
290488
389550
439978
1.39606e+06
1.01515e+06
753200
593547
496971
428540
380760
374303
407965
439636
1.39464e+06
1.00494e+06
815006
770880
779628
783225
765187
739210
733183
733147
1.30684e+06
991642
981403
1.08974e+06
1.19868e+06
1.27395e+06
1.30936e+06
1.30842e+06
1.28858e+06
1.24336e+06
1.10961e+06
1.04339e+06
1.27201e+06
1.50781e+06
1.69761e+06
1.84544e+06
1.96085e+06
2.04799e+06
2.10622e+06
2.10151e+06
833566
1.22366e+06
1.62609e+06
1.93769e+06
2.18402e+06
2.39082e+06
2.57813e+06
2.77013e+06
3.04415e+06
3.86678e+06
3.45448e+06
2.96732e+06
2.59758e+06
2.25605e+06
1.90938e+06
1.56447e+06
1.22514e+06
892264
593325
449480
2.15787e+06
2.48515e+06
2.28627e+06
2.01469e+06
1.7377e+06
1.46817e+06
1.20698e+06
951122
708972
532045
1.45139e+06
1.99358e+06
1.95963e+06
1.77104e+06
1.568e+06
1.3758e+06
1.19346e+06
1.01164e+06
815744
616298
954810
1.53609e+06
1.63044e+06
1.5277e+06
1.39963e+06
1.28309e+06
1.17626e+06
1.06382e+06
911224
699297
575862
1.11806e+06
1.30228e+06
1.28111e+06
1.22772e+06
1.18456e+06
1.14982e+06
1.10488e+06
1.00003e+06
784443
360914
734481
976092
1.02801e+06
1.04765e+06
1.07576e+06
1.1109e+06
1.13452e+06
1.08718e+06
877754
429001
388328
653931
766148
855694
953940
1.0586e+06
1.15387e+06
1.1779e+06
987953
653480
219953
359259
495017
648187
817971
994440
1.16518e+06
1.27784e+06
1.13315e+06
916585
504970
292962
229170
422208
670924
924201
1.17243e+06
1.39004e+06
1.3668e+06
1.11929e+06
934015
587448
197245
184552
529149
860683
1.18128e+06
1.5049e+06
1.855e+06
1.80006e+06
1.36831e+06
1.19562e+06
1.06719e+06
963278
877458
803747
736956
672845
608212
1.24593e+06
1.21429e+06
1.15053e+06
1.06773e+06
981916
901489
826947
755442
682997
605871
1.01538e+06
1.03287e+06
1.03328e+06
1.00332e+06
950277
886957
819982
750292
675547
592437
889281
900933
916255
913637
886454
841537
785987
722799
651261
569039
799468
803568
815737
820428
806547
775104
730751
676451
612365
537192
723122
722445
727592
729731
719542
695688
660445
615755
561948
498574
652214
647768
644984
640360
628597
608343
580304
545251
503372
454854
584212
574519
561713
548694
533902
516019
494479
469079
439884
407598
519625
496653
470417
450684
435214
421082
406561
390943
374449
358250
451092
395355
361587
344173
333902
326421
319940
314079
309596
308122
151008
126484
127868
135268
143686
152318
161399
171555
182934
208086
160161
145504
143125
145549
152109
161200
172022
184961
199003
219076
168761
156600
154824
154893
158227
164869
174342
186647
199926
219750
177002
165244
163768
163046
164329
168282
175110
185119
196467
216124
184687
172368
170623
169282
169247
171133
175392
182667
191481
209949
191470
178757
176136
173930
172821
173120
175249
179962
186121
202688
197257
184058
180647
177481
175281
174225
174591
177088
180819
195327
201817
188537
184287
180177
176954
174669
173520
174133
175761
188375
205070
191676
187009
182182
178051
174688
172225
171223
171063
182052
206658
193653
188741
183472
178708
174475
170904
168527
166831
176453
206210
193786
189288
184040
178964
174146
169711
166187
163177
171642
202929
192007
188429
183768
178887
173852
168840
164412
160271
167706
195897
187293
185816
182629
178562
173793
168560
163482
158386
164805
183637
179168
181080
180534
178202
174332
169309
163869
157962
163231
164474
166175
173760
177574
178145
175995
171720
166238
159667
163463
136095
147438
163572
173949
178982
179579
176709
171565
164466
166230
96039.5
121630
150644
170346
181608
186150
185461
181104
173653
172579
41320.6
89739.5
136478
168024
187266
197016
199407
196418
188881
183932
31499.1
62721.5
125541
169175
197425
213559
220060
219243
212120
202138
124444
82470.2
127171
176638
213423
236925
248830
251397
245601
229491
240009
152624
151485
193051
235984
267759
286810
294605
291690
268689
378176
250306
200512
219405
264582
305794
334560
350341
352730
322672
534568
367146
269201
254086
296809
349430
391786
419576
430749
394315
698181
497345
351285
292880
327352
394545
456483
502182
527014
485910
848125
628738
439628
330224
346948
432497
523088
595748
641283
598425
954103
744191
526022
362911
343385
447397
578885
692824
770479
730537
981390
818795
601185
397716
311759
416683
599705
776194
906397
877617
902504
831899
657632
452820
286474
326261
550219
811296
1.03165e+06
1.0316e+06
710681
780491
696056
540654
351482
243966
422107
749560
1.11235e+06
1.19071e+06
437874
663143
691911
600707
428617
205758
189621
559141
1.11792e+06
1.47529e+06
223525
137324
123916
114149
108631
104845
101017
96220.1
90037.8
82728.6
175527
140957
130197
123182
117535
112920
108432
103331
97300.7
90616.6
132110
128544
124915
122223
119399
116214
112505
108050
102837
97271.5
100981
108248
112349
114699
115656
115158
113329
110346
106528
102452
78103.7
88241.1
97189.4
103906
108543
111075
111670
110676
108620
106225
60471.6
71135.4
82504.5
92267.4
99962.2
105350
108478
109679
109542
108846
46335.8
56989.8
69484.4
81181.5
91221.9
99086.6
104613
108001
109773
110682
34714.7
45295.7
58335.9
71277.4
83098.6
93053
100752
106204
109784
112151
25053.2
35584.3
48946.9
62780.2
76018.1
87752.6
97394.3
104748
109999
113680
17015.2
27592.2
41216.6
55788.5
70234.2
83526.9
94912.1
104005
110797
115682
10417.7
21254.7
35161.5
50420.2
65953.4
80642.9
93604.4
104292
112517
118551
5261.42
16765.8
30955.8
46866
63393.8
79345
93736.1
105890
115473
122665
2476.48
14488.2
28856.4
45358.4
62785.1
79870.4
95556.5
109070
119967
128389
3756.61
14529.6
29018.6
46079.9
64328.7
82437.7
99302
114090
126299
136092
5515.69
16304.7
31312.5
49074.9
68156.4
87230.1
105192
121205
134772
146145
6444.46
19040.1
35407.1
54261.6
74331.5
94397
113433
130671
145695
158928
6422.74
22279.5
41011.5
61546.8
82906.8
104087
124238
142751
159390
174825
5517.42
25921.2
48053.8
70968.8
94023.9
116514
137865
157741
176191
194205
3923.79
30161.2
56779.8
82834.7
108034
132047
154683
176001
196451
217399
2104.57
35547.6
67868.7
97868.1
125641
151324
175245
197992
220535
244650
1658.19
43157
82623.3
117396
148059
175381
200375
224318
248812
276054
3026.97
54843.3
103227
143560
177170
205751
231237
255746
281625
311474
5148.48
73571.3
133060
179502
215599
244493
269320
293178
319226
350447
11103.5
103908
177013
229385
266592
294030
316292
337506
361663
392095
26041.9
153011
241675
298069
333582
356721
373595
389306
408597
435074
57606.3
231717
334694
390167
419374
434074
441751
448344
459067
477576
121010
353573
462156
508541
524908
525514
519390
512977
511255
517448
245637
525422
624796
652886
647189
626686
602311
579721
562389
552386
477032
730554
821266
816506
775581
728060
683267
643331
608887
580216
766749
988065
1.04737e+06
972568
888768
815829
753065
697515
646769
599152
9123.18
17651
21474.7
22855.2
21584.6
17643.9
13084.3
16697.4
31137.6
54003.9
14096.7
5374.17
5398.74
12803.4
20911.7
30242.6
41360.5
54475.8
69618.4
88187.2
11467.6
8754.19
5128.95
15468
30057.2
46280.6
63649.7
81744.2
100141
119631
8435.55
10545
12605.3
24300.5
41517.1
61194.3
82160
103633
124905
146361
6811.08
13921.2
23269.7
37200.6
55296.3
76124.4
98702.6
122256
145994
170076
6295.38
20386.4
35868
51874.1
69892.7
90157.2
112638
137158
163210
191006
7199.87
30978.1
50501.9
67000.2
83468.5
101360
121809
145860
174027
207087
14760.1
47712.2
68293.1
83116.2
96329.8
109859
125493
145816
174268
213413
37286.1
71161.4
90878.3
102969
112346
121129
130278
142107
163844
207300
94541.1
102123
119768
128332
135617
143110
150581
158755
175979
253677
128492
111364
89392.5
71177.1
59908.2
59467.2
71319.5
92908.7
120429
140198
214238
213455
215277
217554
220664
225210
231088
237891
246308
258946
233550
238416
244067
249302
253752
257305
259811
261110
261912
263478
224028
228819
233764
238132
241633
244128
245430
245485
244874
244599
204922
208991
213001
216509
219346
221434
222645
222941
222762
222823
182068
185674
189229
192384
195038
197149
198641
199461
199947
200583
157187
160527
163926
167031
169761
172105
173991
175442
176689
177906
129820
133062
136580
139931
143046
145914
148489
150740
152838
154802
98583.2
102067
106227
110408
114521
118571
122505
126342
130099
133304
67366.1
72254.2
78557
84994.5
91488.4
98066.1
104677
111390
118083
123246
138972
168042
188565
204966
218132
229137
239441
251452
270668
324945
141213
156187
169363
180797
190754
200208
210443
222119
230547
213322
157707
160329
163137
166114
169443
173581
178506
182400
179671
162493
177453
170401
163200
156714
151884
149096
147639
145356
139015
126517
197004
180591
163442
147531
134842
125948
119868
114574
107863
98680.7
215557
187690
159447
134606
116070
103934
96335.3
90732.3
84897.3
77907.8
232476
188730
147460
115665
95695.9
84986.2
79430
75507.6
70920.2
65052.9
247265
179437
124643
92708.8
79098
74728.4
73150.6
71118.9
67156.8
61269.3
265042
154232
96717.2
79384.1
77497.1
78422.3
78445.3
76442.9
71949.8
65345.5
382940
139209
97219.9
92633.6
92474.9
91922.1
90131.3
86605.9
81032.1
73754.2
)
;

boundaryField
{
    topandbottom
    {
        type            empty;
    }
    frontload
    {
        type            calculated;
        value           nonuniform List<scalar> 
30
(
1.17445e+06
1.59297e+06
2.07943e+06
2.46517e+06
2.77423e+06
3.02375e+06
3.2231e+06
3.37739e+06
3.48928e+06
3.56036e+06
3.59131e+06
3.58258e+06
3.53412e+06
3.44587e+06
3.31741e+06
3.14847e+06
2.93847e+06
2.68713e+06
2.39412e+06
2.06005e+06
1.68695e+06
1.28201e+06
869097
554403
647085
1.08677e+06
1.62479e+06
2.18878e+06
2.76458e+06
3.30544e+06
)
;
    }
    backload
    {
        type            calculated;
        value           nonuniform List<scalar> 
30
(
953968
624970
528970
771496
1.13606e+06
1.51566e+06
1.87539e+06
2.19966e+06
2.48043e+06
2.71377e+06
2.8979e+06
3.0323e+06
3.11684e+06
3.15168e+06
3.13684e+06
3.07238e+06
2.95808e+06
2.79384e+06
2.57936e+06
2.3148e+06
2.00086e+06
1.64042e+06
1.24158e+06
831532
530377
662319
1.12126e+06
1.67117e+06
2.25715e+06
2.82784e+06
)
;
    }
    floor
    {
        type            calculated;
        value           nonuniform List<scalar> 
130
(
250189
375444
512548
660914
820617
992690
1.1814e+06
1.40318e+06
1.73137e+06
2.4871e+06
1.08405e+06
951199
803741
654278
515478
396271
300641
228347
176572
141515
119455
107275
102604
103768
109671
119680
133505
151079
172423
197483
225910
256749
287993
315997
334836
335851
307917
239071
120894
81503.1
1.23687e+06
1.28396e+06
1.31561e+06
1.33302e+06
1.33729e+06
1.32919e+06
1.30893e+06
1.27626e+06
1.23059e+06
1.17208e+06
269758
228325
187943
149346
113145
79951.1
50795.6
29565.8
29142.2
46838.9
68832.8
92039.2
116441
142693
171667
204324
241649
284601
334038
390644
454803
526480
605083
689366
777396
866632
954145
1.03692e+06
1.11222e+06
1.1778e+06
602794
596251
580223
556146
525478
489550
449502
406323
360934
314229
346727
205135
155038
120948
93766.6
72979.7
59875.4
56113.7
60719.4
69923.5
79717.8
88389.4
95812.1
101715
106135
109307
111597
113432
115265
117540
120688
125121
131242
139451
150155
163764
180688
201312
225963
254854
288000
325127
365565
408163
451266
492780
530370
561741
584975
598795
)
;
    }
    outerfree
    {
        type            calculated;
        value           nonuniform List<scalar> 
180
(
852172
422616
199445
113044
205281
326556
441238
546851
644220
734720
819918
901535
981432
1.06164e+06
1.14431e+06
1.23173e+06
1.32621e+06
1.43002e+06
1.54506e+06
1.67244e+06
1.81163e+06
1.95948e+06
2.10887e+06
2.24767e+06
2.35823e+06
2.41814e+06
2.40245e+06
2.28784e+06
2.06368e+06
1.75766e+06
17752.2
61434.5
238728
490173
777276
1.06844e+06
1.33696e+06
1.55993e+06
1.71806e+06
1.79428e+06
19839.3
78525.1
213498
407013
634085
869932
1.0938e+06
1.2936e+06
1.46976e+06
1.77028e+06
2.50311e+06
2.41144e+06
2.29639e+06
2.1632e+06
2.01771e+06
1.8658e+06
1.71194e+06
1.55893e+06
1.40814e+06
1.25992e+06
1.11398e+06
969738
826523
683724
540947
398453
258923
139994
140233
267651
425485
595097
772581
955280
1.13927e+06
1.31845e+06
1.48392e+06
1.62455e+06
1.72885e+06
1.78895e+06
2.40599e+06
2.12752e+06
2.14889e+06
2.22654e+06
2.32138e+06
2.42064e+06
2.51299e+06
2.58367e+06
2.6147e+06
2.58126e+06
3.32934e+06
3.80021e+06
4.08503e+06
4.21671e+06
4.23644e+06
4.16719e+06
4.015e+06
3.76825e+06
3.39532e+06
2.87736e+06
705449
875752
1.07439e+06
1.22999e+06
1.34305e+06
1.40632e+06
1.40405e+06
1.31149e+06
1.09429e+06
744334
153667
161267
169510
177719
185518
192392
198293
202920
206263
207894
207503
204213
197152
184750
165359
136563
95895.9
40281.9
33798
128403
246118
386880
546307
712996
865676
973173
1.00024e+06
918810
721608
443160
12705.2
19943.4
22691.8
23177
20980.5
15456.1
6882.19
10083.3
27199.2
51412.6
138473
168276
188991
205551
218847
229897
240070
251761
271391
332154
12438.8
15062.2
11003.7
7547.74
6516.6
7187.21
9411.48
17360.7
40557.9
104775
65081
70055.7
76550.8
83167.3
89832.6
96582.2
103369
110269
117137
122351
)
;
    }
    innerfree
    {
        type            calculated;
        value           nonuniform List<scalar> 
290
(
1.81833e+06
1.9999e+06
2.26711e+06
2.51572e+06
2.74149e+06
2.94229e+06
3.1147e+06
3.25544e+06
3.36164e+06
3.43132e+06
3.46293e+06
3.45562e+06
3.40865e+06
3.32176e+06
3.19462e+06
3.02728e+06
2.81965e+06
2.57204e+06
2.2846e+06
1.95784e+06
1.59208e+06
1.18796e+06
746282
276876
305742
883323
1.56985e+06
2.43809e+06
3.64955e+06
5.15465e+06
4.14065e+06
3.63696e+06
3.22351e+06
2.97964e+06
2.81943e+06
2.68978e+06
2.56699e+06
2.4435e+06
2.31944e+06
2.19777e+06
2.08152e+06
1.97273e+06
1.87214e+06
1.77942e+06
1.69345e+06
1.61261e+06
1.53501e+06
1.45861e+06
1.38134e+06
1.30119e+06
1.21624e+06
1.12474e+06
1.02517e+06
916242
796724
664988
518097
349307
141496
312788
1.1559e+06
791910
502923
308977
168217
109318
188603
311300
442819
577756
714728
853256
993191
1.13455e+06
1.27745e+06
1.42205e+06
1.56847e+06
1.71684e+06
1.8672e+06
2.01953e+06
2.17376e+06
2.32994e+06
2.48847e+06
2.65076e+06
2.82062e+06
3.00748e+06
3.23353e+06
3.5481e+06
4.04774e+06
4.75794e+06
500619
45020.5
159020
197780
176510
138692
101233
70360
47813.5
33345.4
25866.7
24039.8
26595
32484.7
40943.7
51501.1
63978.3
78497.5
95519
115920
141122
173270
215468
272100
349343
456219
607139
827117
1.15933e+06
1.57405e+06
2.97865e+06
2.18169e+06
2.20724e+06
2.3735e+06
2.50013e+06
2.58627e+06
2.64849e+06
2.70066e+06
2.80648e+06
3.18649e+06
1.85088e+06
792352
66833.2
681340
1.16841e+06
1.57947e+06
1.93604e+06
2.24561e+06
2.51015e+06
2.72967e+06
2.90352e+06
3.03095e+06
3.11119e+06
3.14365e+06
3.12783e+06
3.06346e+06
2.95032e+06
2.78846e+06
2.57798e+06
2.3192e+06
2.01241e+06
1.65798e+06
1.25579e+06
804793
301066
266954
927324
1.74905e+06
2.86997e+06
4.27731e+06
174894
195043
200657
187594
166589
143547
121226
100848
82985.2
67929
55860
46900.3
41152.8
38699.7
39612.8
43928.7
51640
62645.3
76716.1
93408.5
111991
131268
149351
163086
166782
149165
86358.5
71629
411006
884758
1.0713e+06
946149
599241
201768
172826
523418
857619
1.18057e+06
1.5105e+06
1.90343e+06
236545
179518
132656
100628
77602.5
59978.4
45863.6
34248.9
24578.9
16508.8
9826.71
4393.56
149.458
3004.07
5029.27
5967.27
5857.98
4798.43
2974.34
731.253
1479.65
2713.46
1757.62
3706.54
16994.1
45388.8
103792
223388
461296
795513
213365
221005
221494
217728
211378
203929
196388
189278
182823
177118
172223
168223
165275
163665
163867
166609
172942
184303
202574
230102
269654
324240
396788
489616
603683
737670
887175
1.04554e+06
1.21802e+06
1.55289e+06
121218
99202.9
71609.5
45800.6
21314.9
7227.22
31922.4
61904.9
95897.6
121288
3.58018e+06
2.98999e+06
2.60574e+06
2.26204e+06
1.91375e+06
1.56662e+06
1.22468e+06
889375
589643
450461
4.11389e+06
3.20096e+06
3.0122e+06
2.97319e+06
2.91712e+06
2.84232e+06
2.7601e+06
2.67868e+06
2.6598e+06
2.95194e+06
)
;
    }
}


// ************************************************************************* //
