/*--------------------------------*- C++ -*----------------------------------*\
| =========                 |                                                 |
| \\      /  F ield         | OpenFOAM: The Open Source CFD Toolbox           |
|  \\    /   O peration     | Version:  2106                                  |
|   \\  /    A nd           | Website:  www.openfoam.com                      |
|    \\/     M anipulation  |                                                 |
\*---------------------------------------------------------------------------*/
FoamFile
{
    version     2.0;
    format      ascii;
    arch        "LSB;label=32;scalar=64";
    class       volScalarField;
    location    "60";
    object      sigmaEq;
}
// * * * * * * * * * * * * * * * * * * * * * * * * * * * * * * * * * * * * * //

dimensions      [1 -1 -2 0 0 0 0];

internalField   nonuniform List<scalar> 
3500
(
1.04057e+06
1.35875e+06
1.75705e+06
2.09388e+06
2.37724e+06
2.61557e+06
2.81333e+06
2.97312e+06
3.09567e+06
3.18185e+06
3.2314e+06
3.24478e+06
3.22133e+06
3.16134e+06
3.06386e+06
2.92912e+06
2.75605e+06
2.54503e+06
2.2954e+06
2.00873e+06
1.68736e+06
1.34038e+06
991877
721693
718214
1.02829e+06
1.48302e+06
1.98689e+06
2.50912e+06
2.98396e+06
1.70721e+06
1.65815e+06
1.68723e+06
1.78001e+06
1.90491e+06
2.03461e+06
2.15329e+06
2.2546e+06
2.33472e+06
2.39275e+06
2.42711e+06
2.43811e+06
2.42483e+06
2.38826e+06
2.32813e+06
2.24642e+06
2.14418e+06
2.02538e+06
1.89426e+06
1.75962e+06
1.6331e+06
1.53331e+06
1.48252e+06
1.50335e+06
1.60813e+06
1.79458e+06
2.0487e+06
2.34567e+06
2.63197e+06
2.80445e+06
1.94752e+06
1.88032e+06
1.78251e+06
1.70378e+06
1.65826e+06
1.64197e+06
1.64442e+06
1.65676e+06
1.67239e+06
1.68751e+06
1.69944e+06
1.70719e+06
1.71024e+06
1.70944e+06
1.70609e+06
1.70286e+06
1.70293e+06
1.71075e+06
1.73105e+06
1.76901e+06
1.82886e+06
1.9136e+06
2.02376e+06
2.15771e+06
2.31169e+06
2.48053e+06
2.65555e+06
2.81794e+06
2.92849e+06
2.9293e+06
1.9836e+06
1.93034e+06
1.81207e+06
1.66907e+06
1.52416e+06
1.39125e+06
1.27685e+06
1.18381e+06
1.11358e+06
1.0675e+06
1.04657e+06
1.05131e+06
1.08123e+06
1.1351e+06
1.21103e+06
1.30706e+06
1.42127e+06
1.5521e+06
1.6981e+06
1.858e+06
2.03032e+06
2.2132e+06
2.4039e+06
2.59845e+06
2.7907e+06
2.97116e+06
3.12411e+06
3.22463e+06
3.23685e+06
3.12887e+06
1.94389e+06
1.88467e+06
1.76513e+06
1.60601e+06
1.42358e+06
1.23182e+06
1.04053e+06
856845
688724
550190
467628
471457
560664
704632
878044
1.06797e+06
1.26831e+06
1.47613e+06
1.68994e+06
1.90897e+06
2.13274e+06
2.36078e+06
2.59205e+06
2.82394e+06
3.05037e+06
3.25884e+06
3.42692e+06
3.52037e+06
3.49838e+06
3.33173e+06
1.87277e+06
1.79252e+06
1.67166e+06
1.51806e+06
1.34302e+06
1.15733e+06
968523
782354
605197
450478
351312
359620
471467
635819
823064
1.0219e+06
1.22789e+06
1.4392e+06
1.6552e+06
1.87602e+06
2.10235e+06
2.33543e+06
2.57659e+06
2.82631e+06
3.0814e+06
3.33039e+06
3.54716e+06
3.688e+06
3.69549e+06
3.52165e+06
1.78172e+06
1.6731e+06
1.55858e+06
1.43774e+06
1.31936e+06
1.20994e+06
1.11232e+06
1.0296e+06
964335
920736
901745
910132
945637
1.00698e+06
1.09085e+06
1.19446e+06
1.31482e+06
1.45023e+06
1.59948e+06
1.76266e+06
1.94065e+06
2.13589e+06
2.35193e+06
2.59348e+06
2.86364e+06
3.158e+06
3.4532e+06
3.69693e+06
3.80982e+06
3.70728e+06
1.65915e+06
1.53075e+06
1.46072e+06
1.42832e+06
1.4274e+06
1.44459e+06
1.47058e+06
1.49731e+06
1.52236e+06
1.54244e+06
1.55802e+06
1.56737e+06
1.57223e+06
1.57199e+06
1.56969e+06
1.56617e+06
1.56611e+06
1.57231e+06
1.59134e+06
1.62822e+06
1.69119e+06
1.78727e+06
1.92618e+06
2.1178e+06
2.37434e+06
2.70408e+06
3.09718e+06
3.49545e+06
3.78685e+06
3.86492e+06
1.4652e+06
1.39265e+06
1.46861e+06
1.59928e+06
1.74489e+06
1.88484e+06
2.0091e+06
2.11371e+06
2.19621e+06
2.25589e+06
2.29162e+06
2.30346e+06
2.2908e+06
2.25431e+06
2.19402e+06
2.11149e+06
2.00801e+06
1.88704e+06
1.75296e+06
1.61428e+06
1.48382e+06
1.38349e+06
1.34416e+06
1.4035e+06
1.5929e+06
1.93149e+06
2.42197e+06
3.02289e+06
3.56476e+06
3.80729e+06
1.14915e+06
1.44916e+06
1.76577e+06
2.04423e+06
2.28904e+06
2.50392e+06
2.688e+06
2.84097e+06
2.96027e+06
3.04588e+06
3.09545e+06
3.10982e+06
3.0868e+06
3.02782e+06
2.93071e+06
2.79736e+06
2.62564e+06
2.41791e+06
2.17232e+06
1.89199e+06
1.57616e+06
1.23093e+06
865077
531576
477699
864329
1.46164e+06
2.24974e+06
3.32479e+06
4.54967e+06
424051
752394
867254
999130
1.17274e+06
1.40271e+06
1.7038e+06
2.09442e+06
2.59895e+06
3.6568e+06
233968
712338
938357
1.13328e+06
1.32745e+06
1.55297e+06
1.83394e+06
2.19324e+06
2.65615e+06
3.23557e+06
317563
684941
939645
1.16602e+06
1.37933e+06
1.60308e+06
1.85881e+06
2.16218e+06
2.5114e+06
2.84779e+06
434594
693563
931323
1.15942e+06
1.37688e+06
1.59501e+06
1.82738e+06
2.08338e+06
2.35884e+06
2.60772e+06
543895
732151
933412
1.14346e+06
1.35144e+06
1.55908e+06
1.7724e+06
1.99731e+06
2.23364e+06
2.4462e+06
640033
786211
950501
1.13381e+06
1.32346e+06
1.51603e+06
1.71255e+06
1.91603e+06
2.12834e+06
2.31857e+06
723365
844513
978409
1.13445e+06
1.30209e+06
1.47665e+06
1.65627e+06
1.8417e+06
2.03482e+06
2.20495e+06
795275
901039
1.0117e+06
1.14376e+06
1.28942e+06
1.4447e+06
1.60693e+06
1.77497e+06
1.94959e+06
2.09864e+06
857407
953303
1.04636e+06
1.15852e+06
1.2842e+06
1.42074e+06
1.56533e+06
1.71586e+06
1.87204e+06
1.99898e+06
911374
1.0006e+06
1.08012e+06
1.17608e+06
1.28435e+06
1.40338e+06
1.53106e+06
1.6645e+06
1.80237e+06
1.90731e+06
958882
1.04329e+06
1.11201e+06
1.19457e+06
1.28786e+06
1.39131e+06
1.50307e+06
1.6202e+06
1.74087e+06
1.82506e+06
1.00165e+06
1.08214e+06
1.1419e+06
1.21314e+06
1.29343e+06
1.38284e+06
1.48026e+06
1.58249e+06
1.68723e+06
1.75285e+06
1.04152e+06
1.11834e+06
1.17019e+06
1.23138e+06
1.30014e+06
1.37716e+06
1.46148e+06
1.55015e+06
1.64092e+06
1.69053e+06
1.08041e+06
1.15318e+06
1.19757e+06
1.24949e+06
1.30765e+06
1.37316e+06
1.44577e+06
1.52243e+06
1.6008e+06
1.63715e+06
1.12038e+06
1.18817e+06
1.22493e+06
1.26767e+06
1.31567e+06
1.37058e+06
1.43221e+06
1.49793e+06
1.56573e+06
1.59135e+06
1.16358e+06
1.22481e+06
1.25326e+06
1.28653e+06
1.32431e+06
1.36863e+06
1.42002e+06
1.47584e+06
1.53418e+06
1.55135e+06
1.21228e+06
1.2648e+06
1.28368e+06
1.3065e+06
1.33356e+06
1.36731e+06
1.40841e+06
1.45469e+06
1.50471e+06
1.51532e+06
1.26882e+06
1.30973e+06
1.31726e+06
1.32839e+06
1.34369e+06
1.36599e+06
1.39668e+06
1.43365e+06
1.47566e+06
1.48124e+06
1.33541e+06
1.36126e+06
1.35522e+06
1.35279e+06
1.3549e+06
1.36483e+06
1.38412e+06
1.41124e+06
1.44552e+06
1.44715e+06
1.41392e+06
1.42069e+06
1.39862e+06
1.38073e+06
1.36783e+06
1.36348e+06
1.37017e+06
1.38668e+06
1.41259e+06
1.41099e+06
1.50518e+06
1.48891e+06
1.4485e+06
1.41318e+06
1.38331e+06
1.36274e+06
1.35458e+06
1.35868e+06
1.37542e+06
1.37085e+06
1.60826e+06
1.56568e+06
1.50539e+06
1.45156e+06
1.40303e+06
1.36352e+06
1.33773e+06
1.32691e+06
1.33247e+06
1.32479e+06
1.71918e+06
1.64919e+06
1.56915e+06
1.49711e+06
1.42934e+06
1.36876e+06
1.3213e+06
1.29124e+06
1.28267e+06
1.27109e+06
1.82983e+06
1.73523e+06
1.6383e+06
1.55098e+06
1.4655e+06
1.3825e+06
1.30921e+06
1.25379e+06
1.22541e+06
1.20805e+06
1.92692e+06
1.81704e+06
1.7101e+06
1.61335e+06
1.51484e+06
1.41129e+06
1.30863e+06
1.21932e+06
1.16172e+06
1.1342e+06
1.99227e+06
1.8859e+06
1.78122e+06
1.6842e+06
1.58029e+06
1.46165e+06
1.33019e+06
1.19862e+06
1.09619e+06
1.04797e+06
2.00419e+06
1.93364e+06
1.85045e+06
1.76401e+06
1.66347e+06
1.53923e+06
1.38603e+06
1.209e+06
1.04142e+06
947800
1.94164e+06
1.95722e+06
1.92096e+06
1.85478e+06
1.76416e+06
1.64422e+06
1.48367e+06
1.27154e+06
1.02383e+06
831508
1.79454e+06
1.96142e+06
1.99398e+06
1.95278e+06
1.8753e+06
1.76884e+06
1.62057e+06
1.40152e+06
1.08681e+06
693600
1.59734e+06
1.92836e+06
2.01905e+06
1.99623e+06
1.93074e+06
1.84471e+06
1.73548e+06
1.57436e+06
1.30619e+06
535590
3.05832e+06
2.7598e+06
2.7292e+06
2.80957e+06
2.91819e+06
3.03489e+06
3.17475e+06
3.41022e+06
4.00526e+06
5.89815e+06
3.46327e+06
2.7593e+06
2.4426e+06
2.3271e+06
2.28539e+06
2.26585e+06
2.26513e+06
2.32701e+06
2.54692e+06
2.83656e+06
3.73088e+06
2.8416e+06
2.25876e+06
1.90591e+06
1.68117e+06
1.52463e+06
1.42776e+06
1.43328e+06
1.58044e+06
1.69419e+06
3.86272e+06
2.91027e+06
2.16729e+06
1.62004e+06
1.21794e+06
940271
820946
894551
1.07075e+06
1.16731e+06
3.8889e+06
2.92625e+06
2.12407e+06
1.48666e+06
984683
630101
533534
687057
860750
933045
3.82868e+06
2.88448e+06
2.10377e+06
1.49309e+06
1.02592e+06
714481
636390
764979
915651
976133
3.68685e+06
2.78842e+06
2.10743e+06
1.62961e+06
1.29765e+06
1.07794e+06
982817
1.03433e+06
1.17005e+06
1.2404e+06
3.45277e+06
2.64918e+06
2.1604e+06
1.89353e+06
1.72945e+06
1.60128e+06
1.50402e+06
1.48906e+06
1.60139e+06
1.68973e+06
3.10338e+06
2.50967e+06
2.30211e+06
2.2638e+06
2.25773e+06
2.23517e+06
2.19934e+06
2.20502e+06
2.3606e+06
2.60096e+06
2.64728e+06
2.46321e+06
2.53541e+06
2.67248e+06
2.79369e+06
2.88268e+06
2.95684e+06
3.0848e+06
3.50975e+06
5.04518e+06
3.71524e+06
3.01066e+06
2.8581e+06
2.83136e+06
2.79142e+06
2.73728e+06
2.67801e+06
2.61926e+06
2.61419e+06
2.86573e+06
2.24009e+06
2.84024e+06
2.86204e+06
2.82066e+06
2.77027e+06
2.72322e+06
2.68097e+06
2.63774e+06
2.58453e+06
2.38294e+06
1.68574e+06
2.59498e+06
2.82663e+06
2.80298e+06
2.74836e+06
2.7088e+06
2.68182e+06
2.64513e+06
2.53427e+06
2.18663e+06
1.33179e+06
2.36838e+06
2.76698e+06
2.77595e+06
2.72425e+06
2.69336e+06
2.67981e+06
2.64611e+06
2.49306e+06
2.10391e+06
1.11353e+06
2.20521e+06
2.6989e+06
2.73821e+06
2.69625e+06
2.67611e+06
2.67478e+06
2.64612e+06
2.47468e+06
2.0751e+06
1.08662e+06
2.12277e+06
2.63111e+06
2.68933e+06
2.66336e+06
2.65659e+06
2.66679e+06
2.6483e+06
2.48379e+06
2.08294e+06
1.23261e+06
2.12053e+06
2.56415e+06
2.62982e+06
2.62603e+06
2.63515e+06
2.65606e+06
2.65284e+06
2.52097e+06
2.12714e+06
1.46479e+06
2.17707e+06
2.48924e+06
2.56034e+06
2.58554e+06
2.61257e+06
2.64277e+06
2.65686e+06
2.58328e+06
2.22561e+06
1.79267e+06
2.24357e+06
2.39217e+06
2.48347e+06
2.54456e+06
2.59031e+06
2.62742e+06
2.65489e+06
2.65876e+06
2.44542e+06
2.84151e+06
2.23233e+06
2.26384e+06
2.40566e+06
2.50721e+06
2.57057e+06
2.61135e+06
2.64185e+06
2.71788e+06
3.01204e+06
36597.2
76527.6
204096
405995
636584
867938
1.07853e+06
1.24994e+06
1.36653e+06
1.41424e+06
97225.9
253065
416584
551733
667608
769635
856564
923027
962977
974325
214375
378127
555102
674749
738340
756296
739656
700686
656227
629708
373452
488451
637714
733487
766484
740781
663470
547618
428503
392983
552398
577226
670074
729847
737512
691035
590129
441284
298493
357011
730290
638605
651493
666916
655581
610751
527218
413825
367583
558481
888020
671571
588675
559781
549561
548387
546487
547431
624402
890092
1.01188e+06
678979
511455
467850
511964
612696
739998
873923
1.045e+06
1.36617e+06
1.09187e+06
676359
504352
527282
660558
853466
1.08891e+06
1.36212e+06
1.70356e+06
2.23236e+06
1.23132e+06
778875
713727
814289
990754
1.22896e+06
1.53806e+06
1.95507e+06
2.65102e+06
4.49084e+06
656622
881365
1.08817e+06
1.20293e+06
1.31056e+06
1.42883e+06
1.56387e+06
1.72132e+06
1.91149e+06
2.14009e+06
429110
700553
950507
1.12815e+06
1.26704e+06
1.3959e+06
1.52918e+06
1.67815e+06
1.8542e+06
2.06278e+06
258307
580952
843758
1.05106e+06
1.21423e+06
1.35351e+06
1.48578e+06
1.62433e+06
1.78215e+06
1.96787e+06
214103
524884
784247
996612
1.16773e+06
1.31024e+06
1.43809e+06
1.56411e+06
1.70168e+06
1.86091e+06
261339
531288
769275
970166
1.13539e+06
1.27211e+06
1.39044e+06
1.50103e+06
1.61611e+06
1.74651e+06
341945
574712
785997
967263
1.11795e+06
1.24182e+06
1.34557e+06
1.4375e+06
1.52838e+06
1.62919e+06
432619
634979
820841
980327
1.11236e+06
1.21888e+06
1.30445e+06
1.37526e+06
1.44054e+06
1.51203e+06
527394
702647
864905
1.00277e+06
1.11472e+06
1.20174e+06
1.26684e+06
1.31482e+06
1.35402e+06
1.39699e+06
624459
774014
913615
1.03039e+06
1.12194e+06
1.18848e+06
1.23214e+06
1.25658e+06
1.26937e+06
1.28469e+06
723189
847686
964876
1.06081e+06
1.13201e+06
1.17792e+06
1.19969e+06
1.20028e+06
1.18689e+06
1.17516e+06
823328
923158
1.01786e+06
1.09299e+06
1.14389e+06
1.1691e+06
1.16915e+06
1.14605e+06
1.10641e+06
1.06781e+06
924913
1.00032e+06
1.07232e+06
1.12646e+06
1.15708e+06
1.16183e+06
1.14025e+06
1.09359e+06
1.02786e+06
962004
1.02808e+06
1.07924e+06
1.12829e+06
1.16123e+06
1.17149e+06
1.15584e+06
1.11302e+06
1.04313e+06
950978
856912
1.13313e+06
1.16009e+06
1.18591e+06
1.19736e+06
1.18719e+06
1.15135e+06
1.08749e+06
994545
875863
751980
1.24038e+06
1.2431e+06
1.24543e+06
1.23511e+06
1.20436e+06
1.14833e+06
1.06384e+06
948274
802643
646670
1.35021e+06
1.32854e+06
1.30707e+06
1.27464e+06
1.22316e+06
1.14713e+06
1.04225e+06
904485
732036
541085
1.46293e+06
1.41667e+06
1.3711e+06
1.31626e+06
1.24382e+06
1.14775e+06
1.02302e+06
863930
665166
436129
1.57888e+06
1.50777e+06
1.43778e+06
1.36013e+06
1.2665e+06
1.1505e+06
1.00635e+06
827137
604228
335509
1.69828e+06
1.60211e+06
1.50738e+06
1.40653e+06
1.29131e+06
1.15525e+06
992445
795156
552438
250532
1.82131e+06
1.70003e+06
1.58023e+06
1.45559e+06
1.31822e+06
1.162e+06
981221
768668
514514
211995
1.94811e+06
1.80192e+06
1.65671e+06
1.50745e+06
1.34695e+06
1.17e+06
972238
748484
495783
253546
2.07892e+06
1.90849e+06
1.73734e+06
1.56198e+06
1.37668e+06
1.17813e+06
964252
734505
500684
356350
2.2143e+06
2.02095e+06
1.82275e+06
1.6186e+06
1.4056e+06
1.18373e+06
954948
726012
530189
489395
2.35576e+06
2.14151e+06
1.91349e+06
1.67533e+06
1.42993e+06
1.18253e+06
940405
720763
581147
638009
2.50689e+06
2.27376e+06
2.00884e+06
1.72718e+06
1.44253e+06
1.16725e+06
914983
715642
647338
794245
2.67615e+06
2.42206e+06
2.10334e+06
1.76249e+06
1.43104e+06
1.12786e+06
871633
706769
721419
950900
2.88208e+06
2.58568e+06
2.17805e+06
1.75878e+06
1.37763e+06
1.05218e+06
803570
691487
796107
1.09935e+06
3.16264e+06
2.738e+06
2.18704e+06
1.68229e+06
1.26303e+06
930363
707707
670083
864651
1.2294e+06
3.58351e+06
2.77813e+06
2.05851e+06
1.50422e+06
1.07828e+06
761875
590621
647978
921297
1.33058e+06
4.12747e+06
2.53033e+06
1.77108e+06
1.23793e+06
842476
567689
477617
634094
959958
1.39491e+06
259974
371683
496708
634406
785029
950060
1.13447e+06
1.35223e+06
1.64764e+06
2.19866e+06
235763
359301
505963
673083
859916
1.06737e+06
1.29861e+06
1.55593e+06
1.81648e+06
1.94912e+06
224094
354902
517282
704678
913197
1.13962e+06
1.37908e+06
1.61886e+06
1.82664e+06
1.94598e+06
214726
351188
526226
727882
948019
1.17939e+06
1.41327e+06
1.63722e+06
1.83548e+06
1.99329e+06
207877
349167
536590
750053
976818
1.20797e+06
1.43645e+06
1.65641e+06
1.8647e+06
2.05771e+06
212541
357462
559024
783557
1.01353e+06
1.24125e+06
1.46441e+06
1.68429e+06
1.90518e+06
2.12635e+06
246213
394146
612035
843951
1.06955e+06
1.28649e+06
1.49947e+06
1.71597e+06
1.94537e+06
2.18896e+06
341996
497575
723974
945544
1.14898e+06
1.34227e+06
1.53652e+06
1.7429e+06
1.97415e+06
2.23363e+06
610609
734978
916266
1.0839e+06
1.23988e+06
1.39741e+06
1.56617e+06
1.75633e+06
1.98081e+06
2.24655e+06
1.51091e+06
1.12133e+06
1.12977e+06
1.20651e+06
1.31035e+06
1.43407e+06
1.5791e+06
1.74965e+06
1.95685e+06
2.20912e+06
565717
1.1836e+06
1.38093e+06
1.36566e+06
1.30491e+06
1.24103e+06
1.18215e+06
1.12996e+06
1.08629e+06
1.05337e+06
170705
588625
787541
877517
906104
906725
898520
892169
895225
912694
147828
257903
423109
522219
583111
621520
649445
676932
712634
762561
178710
72241.1
204436
299310
365912
416663
460057
503293
553252
615633
161563
18547.2
92835.8
174867
236651
286482
330794
374875
423824
482885
127533
42166.2
54718.6
113919
164336
207146
245651
283196
323387
371013
92730.3
43744.6
45566.2
83267.4
121356
155891
187373
217194
247482
282222
63586.4
35794.7
37055.5
62208
91083.4
118970
144849
168668
191220
215317
42062.9
25579.8
25654.6
43956.5
67134.5
90678.2
112906
132912
150499
167240
28089.5
16759.6
13316.4
28368.9
48651.8
69699.6
89724.6
107465
122149
134362
20750.5
12379.7
3916.38
18682.5
37285.2
56497.2
74805.1
90890.8
103735
113293
18870.1
14672.9
11829.5
20111.7
34916.9
51463.3
67645.7
81977.2
93305
101238
21231.4
20980.1
22361.6
28799.9
39905.2
53308.3
66970
79334.4
89209.4
96067.8
26768.5
29023.9
32795.9
39264.1
48525.9
59550.8
70966.3
81491.8
90079.8
96246.5
34734.7
38353.8
43491.7
50294.9
58763.9
68338.7
78142.1
87258.7
94898.2
100738
44706.1
49050.9
54955.5
62045.4
70171.5
78926.4
87716.9
95927.6
103031
108904
56550.3
61363
67721.5
75005.2
82972.6
91276
99490.3
107224
114174
120405
70425.7
75682
82370.8
89781.3
97655.9
105698
113605
121160
128246
135083
86811.7
92597.4
99592.3
107076
114845
122677
130381
137897
145271
152850
106574
112977
120262
127728
135285
142810
150232
157649
165266
173537
131064
138060
145529
152780
159868
166790
173605
180585
188105
196721
162259
169558
176896
183521
189644
195383
200925
206722
213351
221476
202927
209758
216252
221469
225755
229317
232438
235736
240003
246046
256840
261604
265800
268150
269102
268903
267834
266581
266111
267425
329097
328713
327684
324391
319478
313129
305389
296757
288187
280893
426714
415045
402645
388432
373572
357780
340318
321017
300378
279681
559966
522717
485754
451584
421237
392261
362185
329551
293604
255154
744059
642068
555583
490812
440092
395490
352166
306626
255615
198493
999028
720597
558968
460989
390077
333506
283757
233517
176081
110503
1.28675e+06
621721
415647
296244
222793
180016
152812
130852
112159
118013
2.86188e+06
2.31223e+06
2.05827e+06
1.8645e+06
1.7101e+06
1.58356e+06
1.475e+06
1.37727e+06
1.28608e+06
1.19926e+06
2.26616e+06
2.23141e+06
2.12757e+06
1.99351e+06
1.85848e+06
1.73211e+06
1.61308e+06
1.49695e+06
1.37931e+06
1.25705e+06
2.06222e+06
2.0853e+06
2.07623e+06
2.02073e+06
1.93211e+06
1.82605e+06
1.70999e+06
1.58495e+06
1.44865e+06
1.29839e+06
1.986e+06
2.00042e+06
2.01749e+06
2.00648e+06
1.95654e+06
1.87383e+06
1.76668e+06
1.63949e+06
1.49232e+06
1.32342e+06
1.95643e+06
1.96266e+06
1.9815e+06
1.98615e+06
1.95552e+06
1.8873e+06
1.78746e+06
1.66121e+06
1.5099e+06
1.33253e+06
1.94883e+06
1.95244e+06
1.96828e+06
1.97157e+06
1.94133e+06
1.87446e+06
1.7762e+06
1.65153e+06
1.5018e+06
1.32617e+06
1.96312e+06
1.96733e+06
1.97501e+06
1.96136e+06
1.91399e+06
1.83597e+06
1.73376e+06
1.6112e+06
1.46857e+06
1.30459e+06
2.02139e+06
2.01915e+06
1.99592e+06
1.94215e+06
1.86208e+06
1.76556e+06
1.65799e+06
1.54028e+06
1.41085e+06
1.26784e+06
2.18575e+06
2.10839e+06
1.99833e+06
1.88088e+06
1.76445e+06
1.65342e+06
1.54628e+06
1.43952e+06
1.33003e+06
1.21603e+06
2.54992e+06
2.09893e+06
1.87967e+06
1.72554e+06
1.60094e+06
1.4953e+06
1.40131e+06
1.31385e+06
1.23036e+06
1.15038e+06
1.05679e+06
1.44783e+06
1.89943e+06
2.24809e+06
2.51972e+06
2.73685e+06
2.90395e+06
2.96238e+06
2.61468e+06
1.99846e+06
760292
1.40017e+06
1.95322e+06
2.35988e+06
2.65254e+06
2.84589e+06
2.91713e+06
2.77062e+06
2.21166e+06
1.09939e+06
596738
1.30156e+06
1.90771e+06
2.34529e+06
2.6355e+06
2.78054e+06
2.74625e+06
2.45033e+06
1.75943e+06
454450
734252
1.26196e+06
1.82757e+06
2.24751e+06
2.50905e+06
2.59979e+06
2.48603e+06
2.11156e+06
1.41958e+06
600423
1.04718e+06
1.3062e+06
1.74804e+06
2.10497e+06
2.3182e+06
2.36107e+06
2.20706e+06
1.83647e+06
1.2955e+06
1.01873e+06
1.4021e+06
1.41291e+06
1.68097e+06
1.94191e+06
2.09584e+06
2.10333e+06
1.94836e+06
1.65043e+06
1.34312e+06
1.4101e+06
1.74823e+06
1.55231e+06
1.62873e+06
1.77206e+06
1.86117e+06
1.84615e+06
1.7217e+06
1.54162e+06
1.47366e+06
1.75809e+06
2.06482e+06
1.70203e+06
1.59174e+06
1.60397e+06
1.62378e+06
1.59637e+06
1.52578e+06
1.4867e+06
1.62874e+06
2.06355e+06
2.3421e+06
1.84697e+06
1.56898e+06
1.44386e+06
1.38821e+06
1.35471e+06
1.35567e+06
1.46587e+06
1.78061e+06
2.32704e+06
2.57536e+06
1.97756e+06
1.55828e+06
1.29711e+06
1.15706e+06
1.12058e+06
1.20844e+06
1.46436e+06
1.9165e+06
2.54815e+06
2.76251e+06
2.08738e+06
1.55609e+06
1.16893e+06
933374
894369
1.08361e+06
1.47254e+06
2.02991e+06
2.72611e+06
2.90284e+06
2.17248e+06
1.55863e+06
1.06496e+06
723244
680051
983998
1.4836e+06
2.11721e+06
2.86025e+06
2.99613e+06
2.23014e+06
1.56233e+06
991213
541840
490800
914186
1.4935e+06
2.17625e+06
2.94968e+06
3.04251e+06
2.25896e+06
1.56468e+06
953353
426980
366817
879802
1.49952e+06
2.20574e+06
2.99403e+06
3.04187e+06
2.25804e+06
1.56428e+06
954989
435331
379297
884455
1.50082e+06
2.20508e+06
2.99254e+06
2.99432e+06
2.22747e+06
1.56125e+06
996252
562246
519530
928218
1.49741e+06
2.17413e+06
2.9452e+06
2.89949e+06
2.16768e+06
1.55708e+06
1.07383e+06
750830
717138
1.00722e+06
1.49103e+06
2.11346e+06
2.85142e+06
2.75734e+06
2.08036e+06
1.5549e+06
1.18259e+06
966802
937626
1.11594e+06
1.48436e+06
2.02423e+06
2.71157e+06
2.56738e+06
1.96805e+06
1.55916e+06
1.31729e+06
1.19663e+06
1.16938e+06
1.24913e+06
1.48207e+06
1.90885e+06
2.52526e+06
2.32986e+06
1.83571e+06
1.57556e+06
1.47346e+06
1.4349e+06
1.40835e+06
1.40308e+06
1.49003e+06
1.77128e+06
2.29325e+06
2.04527e+06
1.69102e+06
1.61016e+06
1.64744e+06
1.67919e+06
1.65336e+06
1.57596e+06
1.51645e+06
1.61878e+06
2.01549e+06
1.71651e+06
1.54732e+06
1.66855e+06
1.83607e+06
1.9283e+06
1.90473e+06
1.76802e+06
1.57071e+06
1.46407e+06
1.69325e+06
1.35097e+06
1.42506e+06
1.75444e+06
2.03618e+06
2.18122e+06
2.16356e+06
1.98147e+06
1.66452e+06
1.33068e+06
1.32744e+06
971561
1.35396e+06
1.86929e+06
2.24405e+06
2.43617e+06
2.43094e+06
2.22053e+06
1.81068e+06
1.25908e+06
922894
658646
1.36601e+06
2.0118e+06
2.45449e+06
2.68873e+06
2.7055e+06
2.48927e+06
2.02405e+06
1.30678e+06
504659
646994
1.48162e+06
2.1786e+06
2.6592e+06
2.9285e+06
2.97865e+06
2.78639e+06
2.31607e+06
1.52531e+06
355602
997299
1.69633e+06
2.36179e+06
2.8432e+06
3.13446e+06
3.22705e+06
3.093e+06
2.68258e+06
1.92972e+06
846851
1.49049e+06
1.98249e+06
2.54203e+06
2.97961e+06
3.2706e+06
3.40622e+06
3.35934e+06
3.07346e+06
2.47686e+06
1.59801e+06
2.03112e+06
2.28067e+06
2.67616e+06
3.02747e+06
3.2891e+06
3.45265e+06
3.50151e+06
3.37747e+06
3.00876e+06
2.61707e+06
2.54103e+06
2.47636e+06
2.69899e+06
2.9461e+06
3.15176e+06
3.3077e+06
3.42266e+06
3.47133e+06
3.28222e+06
3.80233e+06
181836
279817
286944
281623
276536
272756
270183
269189
270963
277259
179291
153808
173898
187051
194125
198936
203625
209831
219524
234867
186254
86430.7
86589.6
107324
123094
134750
145091
156647
172046
193861
178465
71621
29918.5
49452
69769.6
84806.7
97644
111474
129556
154938
161626
77194.3
25877.6
25445.2
42603.4
55021.1
64905.1
76055.1
92710.5
118614
141272
79755.7
44194.6
39175
45990.9
50538.5
51727.2
53277.1
62324.3
85324.8
120592
76583.8
54089.6
53367.5
58908.9
60563.2
56012.4
46683.3
40679.4
55647.7
101183
69590.8
56777.5
61290.8
69277.5
72091.6
66871.3
53146
33620.3
31591.4
83848.6
60589.9
54695.7
64230.5
75801.9
81398.5
77982.1
64600.3
42023.8
23241.3
69015
50780
49689
63938.4
79438.1
88432
87880.9
76914.7
56791.5
37317
56944
40875.4
43100.1
61978.2
81459
94021.8
96779.7
89132.7
73110.5
57954.4
47815.4
31326.3
36052.4
59736.3
83074.2
99136.1
105342
101427
90031.2
79921
41788
22505
29778.3
58462.1
85335.7
104675
114308
114317
107753
102867
38999.7
15063.9
25912.2
59179.6
89081.4
111403
124382
128421
126822
127329
39564.5
10880.7
26022.4
62485.9
94888.5
119934
136199
144376
147913
154092
43515.5
12418.2
30029.9
68445.3
103077
130747
150336
162828
171763
184039
50806.4
17362.3
36338.8
76770.4
113816
144261
167362
184444
199151
218085
61290.9
22626.3
43514.3
87185.8
127319
160961
187917
209961
230900
257142
74714.3
26645.3
50930.3
99839.3
144135
181603
212849
240248
267887
302062
90627.4
28080.9
59054.5
115759
165508
207476
243378
276396
311042
353581
108307
25110.9
70231.6
137431
193809
240700
281292
319808
361353
412221
126588
15157.4
89706.3
169338
232892
284460
329084
372246
419827
478198
143636
8645.06
125618
218116
288180
343044
389943
435796
487413
551293
156486
48438.6
187768
292073
366252
421497
467482
512639
564837
630755
160168
120168
287502
400338
473994
524849
565065
604588
652352
715221
147189
241761
437779
551728
617413
656895
684770
712378
749415
802724
119029
437528
650691
753138
799889
818409
826039
834873
854368
890795
187055
724952
933402
1.00738e+06
1.01905e+06
1.00486e+06
984479
968495
964279
976657
485713
1.09716e+06
1.29083e+06
1.30658e+06
1.26142e+06
1.2046e+06
1.15155e+06
1.10723e+06
1.07502e+06
1.0575e+06
892746
1.60187e+06
1.71105e+06
1.61166e+06
1.49799e+06
1.39922e+06
1.31509e+06
1.2428e+06
1.1813e+06
1.13064e+06
771446
796280
773684
657253
466798
224160
133134
525772
1.20177e+06
2.35768e+06
958657
892802
816881
671656
462692
202310
148409
520816
976804
1.3683e+06
1.15613e+06
963261
802766
616720
389696
134859
219755
541575
837531
991854
1.30937e+06
1.02102e+06
787549
569468
344088
130268
217079
451588
628567
698957
1.42101e+06
1.06341e+06
782543
556344
361636
206266
199550
329280
435433
475042
1.48502e+06
1.08347e+06
799383
617396
500182
417102
367362
373652
418721
444156
1.48674e+06
1.07887e+06
867047
800150
788686
775091
744289
713917
712509
712529
1.40375e+06
1.06913e+06
1.03194e+06
1.11806e+06
1.20883e+06
1.26718e+06
1.28688e+06
1.27549e+06
1.25657e+06
1.2159e+06
1.21315e+06
1.11665e+06
1.31507e+06
1.53214e+06
1.70705e+06
1.84041e+06
1.94149e+06
2.01778e+06
2.07736e+06
2.08813e+06
943330
1.286e+06
1.66123e+06
1.95765e+06
2.19239e+06
2.38871e+06
2.5665e+06
2.75298e+06
3.03895e+06
3.92237e+06
3.39835e+06
2.85635e+06
2.47135e+06
2.13388e+06
1.80655e+06
1.49386e+06
1.19602e+06
907891
650468
533210
2.09562e+06
2.40513e+06
2.19372e+06
1.92357e+06
1.66062e+06
1.41524e+06
1.18527e+06
962435
749418
582733
1.40275e+06
1.94032e+06
1.89892e+06
1.70957e+06
1.51477e+06
1.33818e+06
1.17657e+06
1.01659e+06
840104
648376
921941
1.50689e+06
1.5989e+06
1.49365e+06
1.36819e+06
1.25919e+06
1.16355e+06
1.06332e+06
922748
719124
559675
1.11149e+06
1.29768e+06
1.27266e+06
1.21694e+06
1.17419e+06
1.14224e+06
1.10102e+06
1.00175e+06
794390
368504
749059
995767
1.04327e+06
1.05707e+06
1.07981e+06
1.11032e+06
1.12969e+06
1.08135e+06
878693
446120
418433
693012
803083
885826
974360
1.06737e+06
1.15008e+06
1.16548e+06
979317
658860
201497
397294
549214
700471
857374
1.0147e+06
1.16354e+06
1.25847e+06
1.1132e+06
898561
415972
223863
280583
500967
733032
957661
1.17305e+06
1.36195e+06
1.33063e+06
1.05556e+06
816794
451913
70207.7
300026
614873
905731
1.18186e+06
1.46472e+06
1.78937e+06
1.74158e+06
1.32743e+06
1.1616e+06
1.03886e+06
939752
857903
787554
723817
662813
601693
1.21669e+06
1.18496e+06
1.12304e+06
1.04371e+06
961756
884870
813412
744705
675102
601245
999884
1.01578e+06
1.01546e+06
986674
936015
875316
810752
743240
670676
590090
883442
894082
908279
905748
879769
836449
782395
720485
650137
569262
802158
805865
817287
821792
808355
777539
733648
679542
615442
540163
733920
733591
738667
740620
730223
705994
670095
624436
569347
504352
671601
668416
666143
661000
648050
626223
596341
559184
514850
463368
613454
606296
593812
578902
561303
540428
515893
487418
454858
418638
561785
541670
513323
488916
468616
450168
431767
412436
392065
371476
509921
450458
410816
386400
370097
357667
346970
337233
328841
323076
197784
165934
169596
180073
191509
203755
217903
235481
257072
305075
216046
193638
190918
195173
204772
217566
232929
252001
273622
307077
229046
211134
207637
207429
211966
220891
233521
250110
268386
297896
238987
223330
220071
218094
219067
223647
231968
244433
258778
285694
246592
231879
228876
226206
225172
226550
230897
238990
249075
272400
252157
238271
235109
231994
229861
229180
230534
234838
240854
260018
256233
242683
239472
236012
233142
231149
230436
231844
234504
249846
259044
245902
242466
238681
235298
232422
230318
229688
229861
242250
260977
247808
244387
240390
236604
233121
230086
228080
226553
236951
261993
248967
245454
241312
237289
233396
229739
226832
224182
233399
262115
248966
245701
241594
237450
233320
229269
225779
222407
231031
260865
248061
245089
241203
237168
232975
228707
224856
221000
229397
257760
245439
243400
240143
236466
232430
228124
224068
219874
228224
251689
240946
240340
238258
235416
231844
227702
223580
219119
227430
241373
233200
235385
235459
234084
231430
227739
223700
219020
227141
224674
221406
227952
231555
232687
231611
228763
225004
220128
227721
199101
203495
217336
226617
231644
233061
231597
228370
223332
229821
161067
178021
203114
220960
231818
236917
237526
235151
229968
234464
106616
143069
185608
215760
234695
244878
248365
247213
241919
243146
31029.9
100719
167545
213310
242508
259230
266510
267050
261709
257957
70919.6
74566.3
156728
217381
257955
282557
294683
297592
292466
281679
201163
124012
167259
232026
283075
316872
335411
341937
337769
317801
358833
227563
208965
258836
317510
362482
390220
402803
401304
370373
534913
358036
277589
294172
356283
416086
458386
481765
486364
443576
708243
499221
361340
329150
388011
468402
534786
577843
594970
540926
845613
632446
448247
354468
395075
500975
605923
684441
726241
664041
906686
730283
527842
372330
362056
486379
645174
784041
873519
811141
857906
770035
594636
408331
305993
402057
612860
839886
1.01951e+06
976206
688359
746809
652449
494305
325849
293972
495928
800859
1.12922e+06
1.158e+06
428607
663284
679855
575425
392695
176263
244048
615074
1.16296e+06
1.47707e+06
248405
146241
125303
114707
109843
107172
104623
101129
96183.9
89936.7
198706
151556
133441
124056
118299
114466
111094
107181
102246
96418.8
155087
140726
130975
125388
121621
118556
115480
111840
107388
102344
122624
121673
120605
120085
119683
118791
117124
114544
111118
107227
97872.2
102048
106789
110897
114067
115921
116335
115402
113424
110939
78250.7
84574.2
92627.4
100168
106479
111085
113831
114856
114568
113601
62217.3
69579.7
79480.6
89373.7
98217.4
105324
110385
113462
114944
115485
48859.9
56772.9
67744
79265.1
90124.4
99424.9
106664
111753
114979
116947
37638.2
45788.3
57434.1
70178.2
82705.2
93941.6
103194
110197
115088
118379
28197.4
36370.9
48504.6
62283.6
76281.3
89268
100382
109186
115650
120177
20310.7
28357.4
40958.3
55736
71110.5
85718.4
98563.4
109058
117015
122731
13823.7
21732.5
34930.4
50754.7
67457.2
83580.9
98036.7
110120
119509
126420
8650.34
16656.6
30711.2
47640.6
65612.8
83140.8
99085.6
112661
123445
131616
4757.12
13564.8
28698.8
46720.4
65867.8
84673.6
101983
116962
129136
138692
2214.7
12884.3
29154.5
48225.6
68457.9
88424.9
106985
123300
136894
148028
1266.49
14350.7
31979.7
52208.6
73529.7
94597.5
114331
131947
147036
160008
1172.97
17135.2
36828
58598.1
81172.1
103371
124256
143181
159891
175021
824.856
20689.2
43445.8
67369
91511.4
114962
137026
157302
175796
193442
1369.95
24963.4
51910
78730.7
104848
129714
152996
174665
195103
215607
3071.66
30381.4
62768.5
93301.2
121811
148217
172690
195715
218175
241770
4935.74
37945.1
77214.1
112298
143524
171437
196888
221032
245379
272044
6297.83
49420.9
97309.2
137739
171758
200823
226690
251352
277053
306317
6893.25
67657.2
126292
172626
209017
238334
263519
287541
313454
344166
9565.66
97025.9
168871
220972
258429
286303
308982
330466
354642
384767
21967.1
144446
231433
287499
323331
347026
364489
380705
400312
426842
51401.9
220417
321457
376753
406502
422019
430600
438077
449568
468663
111838
338238
445033
491642
508957
510828
506089
501071
500698
508160
231452
505023
603191
632028
627946
609397
587029
566422
551079
543107
454277
705343
794735
791542
753362
708689
666564
629168
597299
571384
734251
957278
1.0153e+06
944392
864793
795513
735927
683312
635552
591232
14379.9
28255.6
36533.1
42487.5
45558.5
44868
39736.3
30494
20735.8
27509.5
24052
14018.9
13523.3
19594.1
26503.3
33597.4
41933.1
52612.4
66424
85397.5
20497.3
22190.6
16378.1
13090.3
23581.3
40309.8
59620.8
80588
102788
127358
16348.3
24242.7
20406.9
18638.7
32066.2
53625.3
78466.5
104976
132311
161206
16599.2
22209.4
23552.8
29625.6
46249.5
69684.7
96980.5
126664
157800
190942
19322.5
18600.7
29432.1
43516.1
62544.5
86126.2
113697
144910
179316
217638
19462.1
20025.6
41993.6
60511.8
79601.4
101053
126339
157044
194239
239455
11334.7
38680.6
65565.6
84215.4
100472
116951
136113
161688
198865
251754
20109.8
74100.2
102797
119139
131249
142539
154426
169894
198582
257026
92409.9
126520
153146
164398
173954
184685
196852
212372
244663
368649
228295
205396
174913
147184
123164
103716
91524.1
90416
102266
116080
265932
265044
267130
268547
269994
272858
277719
284688
294496
308572
277275
282801
289935
296678
302429
307156
310727
313105
314780
316538
261145
266807
273415
279592
284811
288921
291709
293080
293432
293415
235653
240520
246043
251226
255685
259349
262036
263794
264796
265232
206408
210663
215511
220132
224232
227767
230649
232792
234311
235334
174737
178481
182862
187116
190979
194464
197455
200089
202323
203838
139100
142363
146435
150532
154414
158076
161469
164525
167209
169312
95426.9
98324.7
102397
106750
111124
115551
119896
124324
128589
131843
39385.5
44069
50465.8
57248.6
64275.6
71545
79060
86803
94505.2
100509
118750
153990
180754
203414
222583
239288
255140
272975
299345
367362
139870
157184
173116
187733
201147
214240
228326
244159
256616
240847
172428
176578
180176
183891
188179
193584
200039
205489
203816
186710
203972
198623
191548
184484
178878
175390
173340
170409
163147
149409
232520
217864
200382
183045
168409
157388
149144
141654
132706
121277
258513
231801
202426
175217
153670
138258
127371
118637
109936
100321
281350
237632
193906
158313
133871
118587
108882
101523
94240.8
86191.9
299945
230430
170901
132549
112122
102011
96344.5
91654.7
86080.2
79189.3
315278
200745
134009
106529
97490.8
94507
92621.8
89843.2
85250.9
78891.9
398727
158612
109171
100623
99116.4
98451.2
97145.1
94406.7
89773.1
83444.7
)
;

boundaryField
{
    topandbottom
    {
        type            empty;
    }
    frontload
    {
        type            calculated;
        value           nonuniform List<scalar> 
30
(
962709
1.31318e+06
1.74154e+06
2.09233e+06
2.38265e+06
2.62498e+06
2.82549e+06
2.9871e+06
3.11098e+06
3.19779e+06
3.24763e+06
3.26063e+06
3.23647e+06
3.17504e+06
3.07574e+06
2.93826e+06
2.76184e+06
2.54616e+06
2.29061e+06
1.99567e+06
1.6628e+06
1.29806e+06
920046
602698
587746
939494
1.42378e+06
1.94659e+06
2.48993e+06
3.00626e+06
)
;
    }
    backload
    {
        type            calculated;
        value           nonuniform List<scalar> 
30
(
1.05238e+06
702083
518320
680955
1.01794e+06
1.38707e+06
1.74248e+06
2.06575e+06
2.34802e+06
2.58503e+06
2.77495e+06
2.91723e+06
3.01175e+06
3.05871e+06
3.05806e+06
3.00986e+06
2.91377e+06
2.7696e+06
2.57684e+06
2.33542e+06
2.04552e+06
1.70927e+06
1.33253e+06
934290
588640
566753
945223
1.45837e+06
2.01989e+06
2.57243e+06
)
;
    }
    floor
    {
        type            calculated;
        value           nonuniform List<scalar> 
130
(
271415
381660
502600
633892
775977
930184
1.10093e+06
1.30373e+06
1.60759e+06
2.32555e+06
1.0677e+06
938409
794098
647260
510483
392682
297889
225948
174144
138763
116150
103226
97630.2
97671.6
102219
110579
122376
137428
155617
176729
200257
225131
249360
269591
280653
275318
244701
180177
84066.4
122973
1.20096e+06
1.24855e+06
1.28126e+06
1.30017e+06
1.30627e+06
1.30023e+06
1.28223e+06
1.25192e+06
1.20869e+06
1.15264e+06
285191
244624
204683
166090
129451
95316.4
64330.2
38140.6
24640.7
35480.3
56568.3
79825.8
104341
130566
159302
191478
228060
269996
318138
373175
435505
505128
581506
663469
749185
836230
921794
1.00298e+06
1.07713e+06
1.14205e+06
597076
592399
578481
556680
528391
494891
457264
416422
373182
328320
393777
231753
178235
142871
115405
94593.2
80522.6
73760.1
74010.5
79328.7
86619.7
93866.1
100542
106140
110509
113750
116126
118000
119781
121893
124757
128786
134387
141970
151945
164732
180746
200379
223968
251736
283723
319687
359006
400592
442869
483827
521212
552793
576682
591584
)
;
    }
    outerfree
    {
        type            calculated;
        value           nonuniform List<scalar> 
180
(
341956
115943
255575
396348
515371
616271
702270
775864
839119
893896
941991
985225
1.02548e+06
1.06475e+06
1.10512e+06
1.14882e+06
1.19818e+06
1.2556e+06
1.3234e+06
1.40351e+06
1.49683e+06
1.60243e+06
1.71627e+06
1.83e+06
1.92996e+06
1.99733e+06
2.00956e+06
1.94424e+06
1.78903e+06
1.56151e+06
40952.3
36019.4
178003
390104
627862
864881
1.07995e+06
1.25478e+06
1.37365e+06
1.42198e+06
43121.7
100716
213168
369800
549563
730101
891027
1.01797e+06
1.10119e+06
1.21843e+06
2.1418e+06
2.06365e+06
1.9679e+06
1.85992e+06
1.74442e+06
1.62588e+06
1.50754e+06
1.39124e+06
1.27769e+06
1.16679e+06
1.05798e+06
950455
843367
735902
627351
517252
405697
294497
192422
140292
200184
323393
468949
625696
787787
948966
1.10097e+06
1.23363e+06
1.33655e+06
1.40196e+06
2.24018e+06
1.9481e+06
1.94521e+06
1.99599e+06
2.06227e+06
2.13167e+06
2.19445e+06
2.2389e+06
2.25131e+06
2.21237e+06
3.00721e+06
3.46707e+06
3.75074e+06
3.88719e+06
3.91488e+06
3.85475e+06
3.7117e+06
3.47369e+06
3.10996e+06
2.60356e+06
781831
963065
1.16365e+06
1.31918e+06
1.43201e+06
1.49609e+06
1.49628e+06
1.40758e+06
1.19574e+06
852344
200740
217596
230152
239972
247610
253190
257316
260143
262135
263181
263375
262160
259115
253033
242688
225824
199971
161404
106120
29184.3
74347
207029
367746
547166
723751
863294
924830
873975
699163
434217
19171.1
32145.9
39104.5
44019.8
46274.4
44714.5
38434.6
27047.2
11305.5
18051.9
117116
153497
180663
203635
223053
239891
255673
273216
300081
375400
18948.2
24963.5
18445.2
12732.1
14224.2
19201.6
22068.8
20123.8
31381.9
107124
32698.1
38135.6
45285.8
52635.6
60127.8
67802.8
75703
83827.4
91889.8
98083.4
)
;
    }
    innerfree
    {
        type            calculated;
        value           nonuniform List<scalar> 
290
(
1.06738e+06
1.43605e+06
1.76914e+06
2.0543e+06
2.30268e+06
2.51956e+06
2.70551e+06
2.8595e+06
2.97999e+06
3.0658e+06
3.11582e+06
3.12945e+06
3.10602e+06
3.04528e+06
2.94674e+06
2.81038e+06
2.63586e+06
2.42336e+06
2.17272e+06
1.8843e+06
1.55814e+06
1.19489e+06
795691
371271
228963
728369
1.36302e+06
2.17417e+06
3.31171e+06
4.72896e+06
3.72775e+06
3.25158e+06
2.85707e+06
2.61633e+06
2.45436e+06
2.32577e+06
2.21068e+06
2.10263e+06
2.0011e+06
1.90765e+06
1.82376e+06
1.75018e+06
1.68671e+06
1.63243e+06
1.58589e+06
1.54535e+06
1.50887e+06
1.47445e+06
1.44004e+06
1.40361e+06
1.36317e+06
1.31681e+06
1.26278e+06
1.19942e+06
1.12516e+06
1.03814e+06
935614
811970
649724
350121
635448
365377
174913
140566
214314
308810
406717
505958
606193
707353
809487
912753
1.01741e+06
1.12378e+06
1.23226e+06
1.34322e+06
1.45704e+06
1.57404e+06
1.69447e+06
1.8185e+06
1.94628e+06
2.07801e+06
2.21424e+06
2.35641e+06
2.50809e+06
2.67792e+06
2.88601e+06
3.17687e+06
3.6374e+06
4.29188e+06
512934
59126.2
145769
186370
167085
130969
94815.8
64850.4
42854.5
28634.7
21155.7
19129
21327.1
26738.8
34631.6
44565.1
56390
70253.7
86630.2
106384
130870
162071
202768
256753
329169
427167
561514
749537
1.01959e+06
1.35404e+06
2.99927e+06
2.24338e+06
2.25797e+06
2.40152e+06
2.50548e+06
2.56974e+06
2.61034e+06
2.64108e+06
2.72487e+06
3.07959e+06
2.02931e+06
967998
121615
508979
993776
1.40391e+06
1.76067e+06
2.0717e+06
2.33914e+06
2.56322e+06
2.74342e+06
2.8791e+06
2.96959e+06
3.01435e+06
3.01286e+06
2.96485e+06
2.87e+06
2.72829e+06
2.53962e+06
2.30418e+06
2.022e+06
1.69329e+06
1.31769e+06
894154
419062
125000
750674
1.53712e+06
2.61527e+06
3.97134e+06
136193
171346
188793
182168
164566
143354
122049
102229
84649.2
69695.2
57607.9
48544.2
42633.1
39969.3
40635.5
44671.3
52075.6
62749
76475.7
92824.2
111096
130137
148139
162077
166512
150676
91720.8
59313
383307
836726
998688
828452
463559
66070.8
290957
609639
902646
1.1808e+06
1.4694e+06
1.83506e+06
260163
202748
155994
122597
97609.6
77929.9
61881.3
48517
37294.9
27857.3
19978.4
13499.3
8327.45
4400.9
1688.84
167.9
261.628
408.581
1873.81
3876.35
5892.48
7112.36
6304.6
1923.5
11389.4
38182.8
93739.6
208049
436296
758148
312766
309785
300214
287697
274057
261341
250894
243100
237673
234048
231646
230005
228840
228061
227789
228383
230492
235135
243816
258639
282426
318731
371686
445554
543915
668484
817855
987773
1.18517e+06
1.56474e+06
227616
199639
164848
133012
103304
74023.8
43696.6
10299.4
27516.3
55033.5
3.52897e+06
2.87812e+06
2.47823e+06
2.13863e+06
1.80978e+06
1.49507e+06
1.19487e+06
904715
647246
537107
3.91518e+06
3.02872e+06
2.85523e+06
2.82938e+06
2.79112e+06
2.73723e+06
2.67728e+06
2.61832e+06
2.61969e+06
2.92308e+06
)
;
    }
}


// ************************************************************************* //
