/*--------------------------------*- C++ -*----------------------------------*\
| =========                 |                                                 |
| \\      /  F ield         | OpenFOAM: The Open Source CFD Toolbox           |
|  \\    /   O peration     | Version:  2106                                  |
|   \\  /    A nd           | Website:  www.openfoam.com                      |
|    \\/     M anipulation  |                                                 |
\*---------------------------------------------------------------------------*/
FoamFile
{
    version     2.0;
    format      ascii;
    arch        "LSB;label=32;scalar=64";
    class       volScalarField;
    location    "20";
    object      sigmaEq;
}
// * * * * * * * * * * * * * * * * * * * * * * * * * * * * * * * * * * * * * //

dimensions      [1 -1 -2 0 0 0 0];

internalField   nonuniform List<scalar> 
3500
(
683471
696279
788816
920621
1.06111e+06
1.19715e+06
1.32251e+06
1.43355e+06
1.52827e+06
1.60565e+06
1.66508e+06
1.70665e+06
1.72989e+06
1.73524e+06
1.72189e+06
1.69034e+06
1.63928e+06
1.56936e+06
1.47913e+06
1.37e+06
1.24204e+06
1.10051e+06
953959
824971
752676
783718
931120
1.16639e+06
1.4668e+06
1.76985e+06
1.151e+06
1.08482e+06
1.02731e+06
1.00665e+06
1.02206e+06
1.06057e+06
1.10819e+06
1.15809e+06
1.20472e+06
1.24608e+06
1.27958e+06
1.30481e+06
1.32035e+06
1.32664e+06
1.32288e+06
1.3102e+06
1.28854e+06
1.26e+06
1.22605e+06
1.1908e+06
1.15876e+06
1.13727e+06
1.13439e+06
1.1587e+06
1.21749e+06
1.31614e+06
1.45837e+06
1.64125e+06
1.82772e+06
1.92654e+06
1.40838e+06
1.35504e+06
1.27233e+06
1.18575e+06
1.11142e+06
1.05419e+06
1.01185e+06
982306
962657
951418
946457
946753
950988
958911
970372
986151
1.00738e+06
1.03588e+06
1.07389e+06
1.12382e+06
1.18808e+06
1.26827e+06
1.36502e+06
1.4775e+06
1.6041e+06
1.74297e+06
1.8906e+06
2.03596e+06
2.14732e+06
2.1644e+06
1.55726e+06
1.51826e+06
1.43825e+06
1.33167e+06
1.21447e+06
1.0978e+06
987625
887462
799614
726680
671319
636501
624444
636118
670668
726009
799689
889562
994161
1.11252e+06
1.24406e+06
1.38808e+06
1.5434e+06
1.70789e+06
1.87786e+06
2.04734e+06
2.20559e+06
2.33458e+06
2.40243e+06
2.36984e+06
1.65111e+06
1.61215e+06
1.53148e+06
1.41494e+06
1.2765e+06
1.1289e+06
980791
837111
701061
575816
467016
385470
348571
369137
439743
542695
665225
801096
947590
1.10395e+06
1.2701e+06
1.44638e+06
1.63266e+06
1.82782e+06
2.02822e+06
2.22574e+06
2.40493e+06
2.54066e+06
2.5996e+06
2.54396e+06
1.70167e+06
1.65235e+06
1.55875e+06
1.42815e+06
1.27614e+06
1.11663e+06
957962
804641
658429
521423
397460
298044
249454
278164
366696
484667
617599
760359
911674
1.07169e+06
1.24148e+06
1.42246e+06
1.61613e+06
1.82337e+06
2.04272e+06
2.26748e+06
2.4809e+06
2.65381e+06
2.74137e+06
2.69428e+06
1.71123e+06
1.63426e+06
1.51051e+06
1.35943e+06
1.20186e+06
1.05158e+06
913637
790573
682514
592076
521837
477422
462729
479687
524798
592747
678474
778612
891861
1.01789e+06
1.15799e+06
1.31379e+06
1.48829e+06
1.68463e+06
1.90617e+06
2.15205e+06
2.41091e+06
2.65156e+06
2.81725e+06
2.83345e+06
1.65968e+06
1.52271e+06
1.35412e+06
1.1892e+06
1.0536e+06
951314
879950
831288
801550
784597
778678
779322
786365
796812
812086
830659
855398
886327
927683
981236
1.05232e+06
1.14423e+06
1.26313e+06
1.41482e+06
1.60905e+06
1.85567e+06
2.15897e+06
2.48983e+06
2.78147e+06
2.93989e+06
1.4432e+06
1.22029e+06
1.02951e+06
911046
873314
889538
931344
982137
1.03238e+06
1.07797e+06
1.11552e+06
1.14439e+06
1.16281e+06
1.17145e+06
1.16919e+06
1.15749e+06
1.13589e+06
1.10696e+06
1.07178e+06
1.0355e+06
1.00296e+06
984774
992176
1.04292e+06
1.15543e+06
1.35659e+06
1.66935e+06
2.09353e+06
2.53571e+06
2.8288e+06
977198
527279
504182
653566
828156
990351
1.1338e+06
1.25691e+06
1.35976e+06
1.44288e+06
1.50609e+06
1.55077e+06
1.57576e+06
1.58312e+06
1.57056e+06
1.54076e+06
1.49039e+06
1.42282e+06
1.33394e+06
1.22801e+06
1.10108e+06
960126
806597
663380
572372
620295
857172
1.29492e+06
1.9791e+06
2.79796e+06
985897
1.02737e+06
1.11859e+06
1.20992e+06
1.29919e+06
1.40105e+06
1.53164e+06
1.70538e+06
1.94124e+06
2.495e+06
1.07565e+06
1.10892e+06
1.17626e+06
1.26874e+06
1.36701e+06
1.4725e+06
1.59415e+06
1.74431e+06
1.93999e+06
2.18231e+06
1.13809e+06
1.18157e+06
1.22517e+06
1.29793e+06
1.38612e+06
1.48299e+06
1.58759e+06
1.70119e+06
1.82316e+06
1.91104e+06
1.18708e+06
1.23535e+06
1.26532e+06
1.3182e+06
1.38812e+06
1.46837e+06
1.55301e+06
1.63589e+06
1.71194e+06
1.74322e+06
1.22412e+06
1.27456e+06
1.29675e+06
1.33504e+06
1.38738e+06
1.44989e+06
1.51594e+06
1.57738e+06
1.62935e+06
1.6352e+06
1.25123e+06
1.30289e+06
1.32036e+06
1.34918e+06
1.38812e+06
1.43541e+06
1.48624e+06
1.53265e+06
1.57015e+06
1.56044e+06
1.27041e+06
1.32331e+06
1.33774e+06
1.36048e+06
1.39026e+06
1.42641e+06
1.46533e+06
1.50041e+06
1.5279e+06
1.50669e+06
1.28318e+06
1.33773e+06
1.35041e+06
1.3694e+06
1.39317e+06
1.42139e+06
1.45178e+06
1.47848e+06
1.49819e+06
1.46807e+06
1.29083e+06
1.34758e+06
1.35956e+06
1.37631e+06
1.39629e+06
1.41946e+06
1.44374e+06
1.46421e+06
1.4783e+06
1.44131e+06
1.29432e+06
1.35375e+06
1.36601e+06
1.38183e+06
1.39961e+06
1.4194e+06
1.43984e+06
1.45619e+06
1.46612e+06
1.42413e+06
1.29452e+06
1.35704e+06
1.37038e+06
1.38619e+06
1.40301e+06
1.42115e+06
1.4391e+06
1.45275e+06
1.46027e+06
1.41479e+06
1.29207e+06
1.35804e+06
1.37314e+06
1.38985e+06
1.40668e+06
1.424e+06
1.44095e+06
1.45336e+06
1.45947e+06
1.41183e+06
1.28764e+06
1.35735e+06
1.37473e+06
1.39293e+06
1.41056e+06
1.42825e+06
1.44493e+06
1.45697e+06
1.46294e+06
1.41415e+06
1.28171e+06
1.35542e+06
1.37551e+06
1.39582e+06
1.41487e+06
1.43335e+06
1.45078e+06
1.46343e+06
1.46985e+06
1.42077e+06
1.27484e+06
1.35275e+06
1.37584e+06
1.39859e+06
1.41957e+06
1.43968e+06
1.45823e+06
1.47196e+06
1.47975e+06
1.43097e+06
1.26746e+06
1.3497e+06
1.37603e+06
1.40162e+06
1.42487e+06
1.44676e+06
1.46713e+06
1.48262e+06
1.49205e+06
1.4441e+06
1.26008e+06
1.34673e+06
1.37638e+06
1.40489e+06
1.43072e+06
1.455e+06
1.47732e+06
1.49475e+06
1.50645e+06
1.45967e+06
1.25318e+06
1.34417e+06
1.37713e+06
1.40873e+06
1.43727e+06
1.46391e+06
1.48869e+06
1.50851e+06
1.52249e+06
1.47717e+06
1.24739e+06
1.34248e+06
1.37848e+06
1.41297e+06
1.44433e+06
1.4738e+06
1.50103e+06
1.52328e+06
1.53997e+06
1.49621e+06
1.24337e+06
1.34207e+06
1.38064e+06
1.41777e+06
1.45181e+06
1.48395e+06
1.51413e+06
1.53921e+06
1.55845e+06
1.5163e+06
1.24193e+06
1.34355e+06
1.38386e+06
1.42282e+06
1.45919e+06
1.49431e+06
1.52745e+06
1.55544e+06
1.57764e+06
1.53703e+06
1.24384e+06
1.34749e+06
1.38855e+06
1.42832e+06
1.46611e+06
1.50358e+06
1.54015e+06
1.57171e+06
1.59689e+06
1.55783e+06
1.24959e+06
1.35458e+06
1.39547e+06
1.43448e+06
1.47215e+06
1.51127e+06
1.55095e+06
1.58648e+06
1.61561e+06
1.57824e+06
1.25879e+06
1.36504e+06
1.40576e+06
1.44282e+06
1.47801e+06
1.51627e+06
1.55837e+06
1.59863e+06
1.63258e+06
1.59773e+06
1.26971e+06
1.37872e+06
1.42123e+06
1.45611e+06
1.48626e+06
1.52011e+06
1.56151e+06
1.60602e+06
1.64678e+06
1.6164e+06
1.2785e+06
1.39463e+06
1.44417e+06
1.47971e+06
1.5034e+06
1.5273e+06
1.56226e+06
1.60868e+06
1.65801e+06
1.63528e+06
1.27866e+06
1.4107e+06
1.47617e+06
1.51855e+06
1.53796e+06
1.54826e+06
1.56738e+06
1.60737e+06
1.66594e+06
1.65594e+06
1.26162e+06
1.42065e+06
1.51188e+06
1.56911e+06
1.5915e+06
1.58997e+06
1.5844e+06
1.60179e+06
1.66227e+06
1.6756e+06
1.21991e+06
1.41207e+06
1.53236e+06
1.60991e+06
1.64626e+06
1.64582e+06
1.61848e+06
1.59231e+06
1.62632e+06
1.69792e+06
1.16731e+06
1.35278e+06
1.49724e+06
1.60076e+06
1.66589e+06
1.69371e+06
1.67903e+06
1.62093e+06
1.58446e+06
1.74748e+06
1.67714e+06
1.80831e+06
1.99278e+06
2.15731e+06
2.29365e+06
2.41481e+06
2.54019e+06
2.72045e+06
3.10767e+06
4.25457e+06
1.95916e+06
1.69886e+06
1.70311e+06
1.77858e+06
1.8498e+06
1.9036e+06
1.94879e+06
2.01142e+06
2.13347e+06
2.25647e+06
2.17307e+06
1.69681e+06
1.47559e+06
1.40384e+06
1.38337e+06
1.37037e+06
1.3571e+06
1.36001e+06
1.40727e+06
1.43791e+06
2.29196e+06
1.72632e+06
1.34284e+06
1.11784e+06
992765
923798
893497
907281
968780
1.0225e+06
2.33059e+06
1.73785e+06
1.28368e+06
969444
768901
661496
633851
671447
748666
816400
2.29973e+06
1.71585e+06
1.27501e+06
977278
792316
693500
664303
693573
761190
822672
2.20161e+06
1.66284e+06
1.31827e+06
1.13412e+06
1.03886e+06
981900
946977
944996
987500
1.02851e+06
2.02572e+06
1.59773e+06
1.43606e+06
1.41296e+06
1.41858e+06
1.41159e+06
1.38782e+06
1.37089e+06
1.39374e+06
1.4091e+06
1.76201e+06
1.57007e+06
1.64358e+06
1.76228e+06
1.85193e+06
1.9032e+06
1.92852e+06
1.95684e+06
2.03868e+06
2.13246e+06
1.44207e+06
1.65077e+06
1.90156e+06
2.10113e+06
2.24915e+06
2.35909e+06
2.45341e+06
2.5791e+06
2.87558e+06
3.83788e+06
3.00621e+06
2.43482e+06
2.33395e+06
2.3291e+06
2.32118e+06
2.30691e+06
2.28971e+06
2.27209e+06
2.2976e+06
2.54337e+06
1.97087e+06
2.33681e+06
2.35392e+06
2.33969e+06
2.32177e+06
2.3075e+06
2.29718e+06
2.28559e+06
2.2639e+06
2.10493e+06
1.54264e+06
2.19077e+06
2.34994e+06
2.34631e+06
2.32234e+06
2.30846e+06
2.30364e+06
2.29054e+06
2.21349e+06
1.92225e+06
1.27832e+06
2.05931e+06
2.33142e+06
2.34717e+06
2.32158e+06
2.30891e+06
2.30821e+06
2.29068e+06
2.17173e+06
1.84136e+06
1.12589e+06
1.97355e+06
2.30914e+06
2.3418e+06
2.31853e+06
2.30821e+06
2.3106e+06
2.29037e+06
2.14997e+06
1.80882e+06
1.11025e+06
1.94537e+06
2.28912e+06
2.3302e+06
2.31267e+06
2.30604e+06
2.31084e+06
2.2922e+06
2.1519e+06
1.80871e+06
1.22768e+06
1.97518e+06
2.27211e+06
2.31285e+06
2.30431e+06
2.30259e+06
2.30897e+06
2.2962e+06
2.17775e+06
1.84032e+06
1.44727e+06
2.04959e+06
2.25237e+06
2.2902e+06
2.29446e+06
2.29862e+06
2.30533e+06
2.30016e+06
2.22494e+06
1.91828e+06
1.79936e+06
2.13694e+06
2.22003e+06
2.26311e+06
2.28415e+06
2.29453e+06
2.29968e+06
2.29894e+06
2.28249e+06
2.09745e+06
2.67034e+06
2.17836e+06
2.16813e+06
2.23462e+06
2.27527e+06
2.29135e+06
2.29272e+06
2.28825e+06
2.32536e+06
2.5619e+06
92466.6
170917
165578
155256
166807
192379
215848
225798
215092
179204
184936
137172
212974
235161
222253
190559
146850
97351.3
76638.8
139740
250894
137503
197586
227874
217532
179494
123413
81797.2
142924
269750
309505
157111
149515
171452
175417
166238
158321
185425
275552
418160
356740
182254
114461
128071
168749
213326
257679
317168
418782
574098
383945
214400
172747
211777
277794
347066
410773
477786
579457
745402
380113
279314
320983
391738
467520
544027
614414
681600
774939
946576
344491
411473
528902
619436
701009
783959
867390
948174
1.04438e+06
1.21919e+06
296087
615701
775434
867516
949774
1.04193e+06
1.1508e+06
1.27837e+06
1.44822e+06
1.73029e+06
395889
873823
1.02586e+06
1.10489e+06
1.18669e+06
1.29036e+06
1.42827e+06
1.62676e+06
2.00022e+06
3.10903e+06
1.05464e+06
978599
967563
986173
1.01292e+06
1.04031e+06
1.06671e+06
1.08839e+06
1.10374e+06
1.11454e+06
1.02179e+06
975117
962085
975999
1.00029e+06
1.0279e+06
1.05348e+06
1.07549e+06
1.09132e+06
1.09987e+06
1.00555e+06
982951
971561
978083
996347
1.01988e+06
1.04353e+06
1.06379e+06
1.07771e+06
1.08334e+06
997060
990406
983819
986570
998827
1.01707e+06
1.03684e+06
1.05416e+06
1.06573e+06
1.06897e+06
993718
995771
994060
996037
1.00418e+06
1.01741e+06
1.03292e+06
1.04684e+06
1.05561e+06
1.05714e+06
993524
1.00005e+06
1.00183e+06
1.00413e+06
1.00983e+06
1.01927e+06
1.03069e+06
1.04111e+06
1.04746e+06
1.04792e+06
995159
1.00409e+06
1.00802e+06
1.0107e+06
1.01478e+06
1.0212e+06
1.02933e+06
1.03675e+06
1.04078e+06
1.04064e+06
998024
1.00839e+06
1.01347e+06
1.01615e+06
1.01891e+06
1.02303e+06
1.02825e+06
1.03297e+06
1.03525e+06
1.03478e+06
1.00187e+06
1.01328e+06
1.01888e+06
1.02121e+06
1.02258e+06
1.02447e+06
1.02727e+06
1.0297e+06
1.03018e+06
1.02942e+06
1.00681e+06
1.01905e+06
1.02476e+06
1.02634e+06
1.02618e+06
1.02597e+06
1.02624e+06
1.02631e+06
1.02522e+06
1.02398e+06
1.01305e+06
1.02605e+06
1.03159e+06
1.03212e+06
1.0301e+06
1.02743e+06
1.02519e+06
1.02287e+06
1.01972e+06
1.01763e+06
1.02099e+06
1.03466e+06
1.03976e+06
1.03887e+06
1.03467e+06
1.02934e+06
1.02405e+06
1.01879e+06
1.01336e+06
1.00986e+06
1.03104e+06
1.04527e+06
1.04968e+06
1.04705e+06
1.04021e+06
1.03158e+06
1.02287e+06
1.01417e+06
1.0055e+06
999882
1.04372e+06
1.05832e+06
1.06174e+06
1.05694e+06
1.04697e+06
1.03458e+06
1.02154e+06
1.00844e+06
995860
987202
1.05952e+06
1.07425e+06
1.07635e+06
1.06897e+06
1.05527e+06
1.03823e+06
1.02012e+06
1.0017e+06
983808
970987
1.07904e+06
1.09355e+06
1.09393e+06
1.08341e+06
1.06536e+06
1.04296e+06
1.01858e+06
993428
969026
950643
1.10281e+06
1.1167e+06
1.11491e+06
1.10075e+06
1.07757e+06
1.04871e+06
1.01699e+06
983755
950880
925210
1.13148e+06
1.14424e+06
1.13976e+06
1.12128e+06
1.09217e+06
1.05592e+06
1.01535e+06
972185
929021
893927
1.16567e+06
1.17674e+06
1.16896e+06
1.14545e+06
1.10944e+06
1.06447e+06
1.0137e+06
958857
902812
855678
1.20609e+06
1.21483e+06
1.20303e+06
1.17352e+06
1.12952e+06
1.07463e+06
1.01189e+06
943220
871874
809561
1.25347e+06
1.25923e+06
1.2425e+06
1.20585e+06
1.15238e+06
1.08586e+06
1.0096e+06
925191
835572
754436
1.30875e+06
1.31091e+06
1.28802e+06
1.24242e+06
1.17754e+06
1.09761e+06
1.00592e+06
903797
793507
689550
1.37317e+06
1.37122e+06
1.3403e+06
1.28306e+06
1.20387e+06
1.10799e+06
999273
878185
745073
614301
1.44871e+06
1.44222e+06
1.4001e+06
1.32659e+06
1.22887e+06
1.11426e+06
986919
846295
689904
529012
1.5388e+06
1.52703e+06
1.46753e+06
1.37015e+06
1.24797e+06
1.11137e+06
964882
805896
627576
435080
1.65019e+06
1.62971e+06
1.54014e+06
1.4068e+06
1.25324e+06
1.09266e+06
928033
753780
558094
335767
1.79652e+06
1.75195e+06
1.60753e+06
1.42284e+06
1.23313e+06
1.04967e+06
870951
687086
481588
237212
2.00499e+06
1.88009e+06
1.64191e+06
1.39647e+06
1.17439e+06
975119
789471
603656
398642
151938
2.3215e+06
1.95197e+06
1.59633e+06
1.3065e+06
1.0691e+06
866749
683711
504251
311648
110412
2.74155e+06
1.85072e+06
1.44818e+06
1.15519e+06
925960
734273
562242
396050
227740
133274
384776
452832
525246
602037
684480
774770
877950
1.00446e+06
1.18425e+06
1.56697e+06
424319
503896
588240
676611
769959
870691
982893
1.11076e+06
1.24289e+06
1.29245e+06
463990
552530
645346
740038
836500
935209
1.03581e+06
1.1333e+06
1.20961e+06
1.22853e+06
503890
600061
698047
793995
886656
975050
1.05696e+06
1.12784e+06
1.18067e+06
1.20841e+06
546613
649394
750263
843463
927748
1.00271e+06
1.06771e+06
1.12201e+06
1.16632e+06
1.20164e+06
596668
706724
807460
893515
965844
1.02656e+06
1.07736e+06
1.12039e+06
1.15952e+06
1.19709e+06
660462
776896
872394
945249
1.00194e+06
1.0478e+06
1.08632e+06
1.12037e+06
1.15419e+06
1.18984e+06
746691
864133
941224
992021
1.03027e+06
1.0625e+06
1.09138e+06
1.11848e+06
1.1471e+06
1.1779e+06
867821
956643
993226
1.01802e+06
1.04139e+06
1.0656e+06
1.08936e+06
1.11269e+06
1.13649e+06
1.16047e+06
1.06528e+06
1.0065e+06
995918
1.00961e+06
1.0317e+06
1.05572e+06
1.0804e+06
1.10162e+06
1.11918e+06
1.1349e+06
547004
1.05886e+06
1.22065e+06
1.20209e+06
1.14593e+06
1.08818e+06
1.03535e+06
988825
949444
918740
194122
543760
707868
780661
802048
800002
790678
783211
783631
795876
117524
250561
388790
470934
520813
551567
573405
595054
623694
664264
132975
83520.6
194720
273764
329122
370908
406374
441912
483348
535427
119350
8725.3
93104.6
161577
213108
254424
291047
327761
368969
419049
92727.3
22176.9
54326.9
105571
147670
182991
214672
245921
279973
320861
65195.7
27532.5
43823.3
78118.5
109661
137527
162773
187073
212530
242606
41842.2
24109.8
37357.1
60838.2
84098.3
105641
125397
143916
162282
183104
24273.6
18028
29651.1
46701.7
64382.2
81458.5
97359.8
111933
125467
139620
12470
11910.7
21466.1
34481.3
48649.8
62890.6
76368.4
88528.2
99121.8
108980
5660.28
6585.73
14108.5
24760.4
36909.5
49456.9
61438.5
72121.5
80969.7
88230
2696.42
2385.31
9250.81
18813.4
29780.4
41153.2
51995.8
61569.1
69240.5
74925
2893
3907
9565.72
17898.8
27611.9
37729.1
47363.5
55833.8
62513.9
67171.6
5949.16
8838.1
14068.4
21195.7
29532.7
38254.1
46562.9
53873
59624.6
63558.7
10978.9
14744.6
20162.3
26698.4
33989.5
41469.6
48524.2
54727.5
59641.8
63058.3
17658.5
21726.6
27233.9
33421.2
39964.3
46447.5
52429
57665.4
61870.8
64926.5
25977.7
30012.5
35396.4
41219.3
47126.1
52766.3
57821.3
62217.5
65819.8
68604
36168.6
39924
44959.5
50288.5
55524.4
60344.4
64514.7
68107.1
71120.8
73613.7
48711.9
51905.5
56330.2
60950.8
65365.7
69259.7
72452.2
75138.2
77431.9
79454.2
64350.4
66548.6
69980.4
73564.5
76882.3
79605.8
81575.1
83081.1
84328.1
85487.9
84102.9
84571.8
86397.3
88425.1
90202.4
91350
91680.9
91538.3
91182.4
90824.4
109252
106756
105953
105596
105149
104120
102220
99772.1
97021.7
94206.2
141298
133769
128656
124597
120906
116877
112002
106458
100361
93930.3
181821
165857
153687
143900
135523
127461
118804
109415
99076.7
87904.2
232243
202196
178672
160249
145357
132172
119133
105538
90588.6
74192.6
293210
239893
198858
168298
145145
126270
109115
92124.3
73729.6
54092.1
363376
273160
208241
163637
132663
110104
92049.2
75945.7
60463.8
49883.4
435646
298007
212861
163530
135208
118775
108176
100336
95191.8
97052
496003
345244
276572
245566
227909
214853
203557
192862
183810
179701
590492
559406
504348
459218
421652
390334
362136
335815
310583
288125
2.42427e+06
1.95219e+06
1.72976e+06
1.56545e+06
1.43682e+06
1.33237e+06
1.24327e+06
1.16337e+06
1.08902e+06
1.0182e+06
1.94271e+06
1.89983e+06
1.8009e+06
1.68329e+06
1.56862e+06
1.46293e+06
1.36425e+06
1.26857e+06
1.17203e+06
1.07186e+06
1.77656e+06
1.78738e+06
1.76991e+06
1.71678e+06
1.6391e+06
1.54891e+06
1.45167e+06
1.34782e+06
1.23528e+06
1.11162e+06
1.71653e+06
1.72318e+06
1.73021e+06
1.71473e+06
1.66853e+06
1.5967e+06
1.50585e+06
1.39934e+06
1.27704e+06
1.13733e+06
1.69629e+06
1.69754e+06
1.70785e+06
1.7063e+06
1.67602e+06
1.61552e+06
1.52986e+06
1.42326e+06
1.29667e+06
1.14908e+06
1.69565e+06
1.69524e+06
1.70382e+06
1.70155e+06
1.67144e+06
1.6115e+06
1.52642e+06
1.42033e+06
1.2942e+06
1.14706e+06
1.71515e+06
1.71507e+06
1.71647e+06
1.69957e+06
1.65464e+06
1.58482e+06
1.49581e+06
1.39081e+06
1.2698e+06
1.13136e+06
1.77476e+06
1.76786e+06
1.74113e+06
1.68908e+06
1.61579e+06
1.52987e+06
1.43589e+06
1.33441e+06
1.22379e+06
1.10191e+06
1.93137e+06
1.85461e+06
1.74956e+06
1.6415e+06
1.5366e+06
1.43802e+06
1.34408e+06
1.25145e+06
1.15699e+06
1.05867e+06
2.27068e+06
1.85482e+06
1.65133e+06
1.51101e+06
1.39901e+06
1.30504e+06
1.22217e+06
1.14569e+06
1.07284e+06
1.00261e+06
1.24773e+06
1.57019e+06
1.88753e+06
2.13615e+06
2.33718e+06
2.50776e+06
2.65333e+06
2.7352e+06
2.5288e+06
2.12537e+06
1.02012e+06
1.5048e+06
1.88939e+06
2.17943e+06
2.39709e+06
2.54892e+06
2.61883e+06
2.54218e+06
2.18605e+06
1.39172e+06
826066
1.36847e+06
1.80004e+06
2.11785e+06
2.33456e+06
2.44814e+06
2.43294e+06
2.23448e+06
1.76199e+06
831267
747444
1.25378e+06
1.678e+06
1.99031e+06
2.18733e+06
2.25803e+06
2.17657e+06
1.90522e+06
1.39695e+06
608830
794722
1.18502e+06
1.5545e+06
1.83168e+06
1.99569e+06
2.02887e+06
1.91021e+06
1.62343e+06
1.17248e+06
666356
929282
1.16117e+06
1.4414e+06
1.6634e+06
1.78827e+06
1.79378e+06
1.66583e+06
1.40922e+06
1.0749e+06
837938
1.09908e+06
1.16949e+06
1.34093e+06
1.49632e+06
1.58083e+06
1.56849e+06
1.45214e+06
1.25565e+06
1.06001e+06
1.02753e+06
1.27119e+06
1.20069e+06
1.25539e+06
1.33644e+06
1.3804e+06
1.35794e+06
1.26747e+06
1.14679e+06
1.08964e+06
1.20427e+06
1.42953e+06
1.24366e+06
1.185e+06
1.18714e+06
1.18957e+06
1.16161e+06
1.10643e+06
1.07104e+06
1.1387e+06
1.36141e+06
1.56651e+06
1.29133e+06
1.13031e+06
1.05109e+06
1.00897e+06
978022
965792
1.0186e+06
1.19325e+06
1.49465e+06
1.67967e+06
1.33674e+06
1.08934e+06
930277
839158
805577
842967
983401
1.24453e+06
1.60468e+06
1.76816e+06
1.37618e+06
1.06036e+06
827139
681346
644378
738508
959869
1.28829e+06
1.6905e+06
1.83235e+06
1.40625e+06
1.04035e+06
744345
539386
496539
653704
944598
1.32124e+06
1.75308e+06
1.87283e+06
1.42566e+06
1.02739e+06
685462
422642
370699
592550
934388
1.34229e+06
1.79245e+06
1.88984e+06
1.4329e+06
1.01948e+06
653977
351752
289804
559273
927897
1.35008e+06
1.80874e+06
1.88401e+06
1.42799e+06
1.016e+06
652483
352712
290956
557474
923808
1.34463e+06
1.8026e+06
1.85475e+06
1.41036e+06
1.0169e+06
681227
425210
373587
587708
922786
1.32548e+06
1.77302e+06
1.80243e+06
1.38096e+06
1.02334e+06
738147
543282
500873
646861
925407
1.29332e+06
1.72116e+06
1.72557e+06
1.34027e+06
1.03739e+06
820070
686846
650494
731420
934719
1.24875e+06
1.6448e+06
1.62445e+06
1.2908e+06
1.06196e+06
923859
847069
814503
837633
953783
1.19392e+06
1.54543e+06
1.49739e+06
1.23544e+06
1.1006e+06
1.04719e+06
1.0206e+06
991085
964618
988456
1.13214e+06
1.41981e+06
1.34602e+06
1.18028e+06
1.1566e+06
1.1882e+06
1.20664e+06
1.18056e+06
1.11187e+06
1.04416e+06
1.06997e+06
1.27004e+06
1.17196e+06
1.13325e+06
1.23256e+06
1.34524e+06
1.4049e+06
1.38432e+06
1.28157e+06
1.12865e+06
1.01775e+06
1.09328e+06
985592
1.1062e+06
1.32944e+06
1.51612e+06
1.61479e+06
1.60368e+06
1.47611e+06
1.2492e+06
993550
896039
808952
1.11246e+06
1.44689e+06
1.69755e+06
1.83369e+06
1.83847e+06
1.69963e+06
1.41716e+06
1.02454e+06
687700
694661
1.1663e+06
1.58391e+06
1.88402e+06
2.0547e+06
2.08376e+06
1.95307e+06
1.64424e+06
1.14981e+06
523317
716151
1.27824e+06
1.73766e+06
2.06519e+06
2.26306e+06
2.32442e+06
2.22802e+06
1.93927e+06
1.40662e+06
555729
896103
1.44906e+06
1.89722e+06
2.22116e+06
2.43167e+06
2.52949e+06
2.4939e+06
2.27776e+06
1.80157e+06
910155
1.18923e+06
1.64117e+06
2.02589e+06
2.31438e+06
2.51874e+06
2.64674e+06
2.68666e+06
2.58919e+06
2.24735e+06
1.56292e+06
1.51111e+06
1.75182e+06
2.05475e+06
2.29479e+06
2.47679e+06
2.61444e+06
2.71871e+06
2.76618e+06
2.56677e+06
2.38043e+06
171224
482238
514729
488382
458105
431834
409444
390094
373501
359952
98115.7
289954
356722
368493
360885
348888
337438
328257
322573
321568
108821
160834
228508
258151
267852
269000
267969
268270
272407
282305
126104
73765.1
133861
170056
188840
198703
205433
213071
224807
243038
127437
30961.9
68295.9
106295
128531
142303
153009
164759
181032
204539
119150
33094.9
29063.1
66360.5
88545.7
102246
112834
124739
141900
167481
106555
41600.2
20892.3
49416.6
68694
79472.3
86224.4
93927.3
107850
132379
92646.7
44235.6
29252.1
48507.2
64383.1
71850.5
73169.2
73077.2
79213.2
99586.7
78960.8
42390.2
34971.9
52393.3
67249.5
73369.8
70879.5
62599.9
56783.2
69363.8
66426.3
37862.9
36745.8
55683.4
71571
78298.9
74664.3
61339.5
42920.3
42321.7
55609.8
31830.7
35801.2
57483.2
75414.5
83853
80967.5
66335.3
41136.7
22476.9
46922.6
25075.4
33442.7
58321.8
78662
89293.3
88204.7
74798.8
50168.7
26601.1
40679.9
18132.6
30913.9
59041.6
81793.6
94756.3
96010.2
85266.9
64891
47785.3
37119.5
11557.5
29412.5
60435.5
85399.7
100664
104556
97301.3
82474.7
72582.6
36443.4
6746.81
29829.9
63072.2
89993.3
107491
114227
111001
102212
99319
38696.1
7365.71
32330.4
67220.4
95954.2
115688
125489
126722
124250
128322
43859.4
11738.3
36351.7
72907
103574
125708
138873
144982
149087
160267
51716.8
16120.7
41144.6
80114.5
113182
138086
155014
166415
177374
195940
62045.1
19086.2
46282.6
89103.6
125385
153612
174758
191827
209874
236083
74332.8
19603.1
52198.1
100831
141370
173531
199275
222211
247411
281389
88004
16179.8
60944.7
117493
163289
199811
230223
258850
290887
332355
101953
7770.96
76974.8
142918
194505
235274
269815
303290
341206
389271
114846
15048.6
106938
182667
239632
283600
320785
357335
399237
452050
124511
48832.9
158425
243482
304119
348985
386139
422801
465640
520208
127971
108100
240548
332812
393598
435523
468595
501178
540685
592733
122428
207533
364110
458084
513060
546301
569810
593041
623960
668129
117562
368813
540221
625479
665471
681999
689320
697461
714145
744437
191946
609176
776464
838010
849226
839085
823613
811536
808858
819422
434454
924934
1.07703e+06
1.08935e+06
1.05342e+06
1.00806e+06
965665
930298
904661
890725
764746
1.35207e+06
1.43118e+06
1.34744e+06
1.25424e+06
1.17376e+06
1.10544e+06
1.04688e+06
997117
956015
840202
711532
576542
405670
212102
106413
298322
587456
1.07162e+06
1.92025e+06
1.02222e+06
837680
668183
477540
277848
141956
285549
540335
842152
1.0935e+06
1.1679e+06
909261
683731
467783
262772
160876
313322
526558
708503
780583
1.27916e+06
973993
711759
484930
294746
207416
303191
448441
543486
552279
1.36257e+06
1.02861e+06
757538
550012
399073
317522
327529
392227
438584
427689
1.41505e+06
1.07028e+06
829460
682440
592424
530889
493313
488599
506852
498315
1.42514e+06
1.10362e+06
949633
902570
886971
862586
823809
788799
781016
764210
1.37131e+06
1.14877e+06
1.14467e+06
1.21436e+06
1.27472e+06
1.30393e+06
1.30003e+06
1.27617e+06
1.25916e+06
1.21799e+06
1.24034e+06
1.24357e+06
1.41495e+06
1.58077e+06
1.70762e+06
1.80018e+06
1.86804e+06
1.92496e+06
1.99401e+06
2.03097e+06
1.07063e+06
1.42215e+06
1.7102e+06
1.92914e+06
2.10267e+06
2.25242e+06
2.3962e+06
2.56602e+06
2.8757e+06
3.77152e+06
2.99362e+06
2.20153e+06
1.76191e+06
1.47211e+06
1.27691e+06
1.15282e+06
1.07459e+06
1.011e+06
959441
980044
1.83199e+06
1.92808e+06
1.65722e+06
1.41914e+06
1.25471e+06
1.15041e+06
1.08642e+06
1.03289e+06
969753
851711
1.2659e+06
1.63206e+06
1.52994e+06
1.35513e+06
1.22463e+06
1.14266e+06
1.09486e+06
1.05119e+06
976646
815135
890737
1.35197e+06
1.38634e+06
1.27953e+06
1.18665e+06
1.12957e+06
1.09949e+06
1.06687e+06
988323
816015
595126
1.0958e+06
1.23236e+06
1.19322e+06
1.14206e+06
1.11232e+06
1.10088e+06
1.08137e+06
1.00821e+06
833935
382301
857836
1.06872e+06
1.09563e+06
1.09083e+06
1.09114e+06
1.09915e+06
1.09542e+06
1.03759e+06
865439
303923
632207
896032
988772
1.03498e+06
1.06743e+06
1.09471e+06
1.10836e+06
1.07539e+06
910617
381192
406773
709667
873053
975504
1.04173e+06
1.08775e+06
1.11875e+06
1.12061e+06
979644
522319
157363
506799
754995
918502
1.01842e+06
1.08103e+06
1.12598e+06
1.16911e+06
1.1053e+06
616632
148776
311689
650554
871698
1.00117e+06
1.0758e+06
1.12778e+06
1.20578e+06
1.39757e+06
1.38484e+06
1.07349e+06
946795
856719
785494
727009
676735
631422
589058
548477
1.03176e+06
999170
947256
887231
827151
770705
717533
665872
613800
559838
895717
901988
896990
873889
835846
789703
739248
685265
626866
562789
834943
839663
847400
844181
823534
788344
742861
689360
627931
557721
801899
803391
811021
813438
800749
772210
730847
679089
617445
545309
779438
780625
785769
785841
772608
745057
705477
655791
596288
526333
765087
767541
768222
759682
739000
707691
667899
620618
565464
501550
761565
764998
753826
728773
695675
658460
618249
574528
526031
471635
783812
770600
729416
681125
635866
594974
556648
518679
479234
437228
868695
738059
660678
600514
553915
516423
484268
454835
426599
398977
470745
391265
373012
377099
385728
394999
406843
425483
454888
547641
477458
438748
412779
401089
402949
411901
424355
440646
460830
504754
478815
460129
442802
427132
418929
418428
423579
432497
442651
466874
476660
465440
456383
444630
434101
427248
424762
425955
428797
443201
474172
464822
460607
453411
444833
436638
430178
425989
423474
431626
472329
463160
461045
456826
450896
443945
436860
430421
424892
429595
471597
461846
460611
457948
453941
448732
442647
436237
429926
433656
471519
461487
460480
458526
455690
451878
447136
441788
436068
440404
472083
461633
460877
459326
457153
454294
450701
446582
441941
447475
472792
462333
461713
460446
458739
456522
453769
450676
447059
453758
473707
463019
462750
461808
460462
458720
456574
454237
451417
459032
474425
463826
463816
463208
462242
460903
459221
457441
455192
463492
475086
464261
464741
464551
463959
463011
461734
460395
458577
467430
475313
464562
465429
465683
465542
465004
464115
463173
461706
471077
475201
464177
465708
466527
466872
466792
466321
465775
464645
474572
474200
463260
465415
466898
467875
468334
468331
468215
467426
477980
472109
461013
464266
466691
468452
469587
470144
470509
470088
481343
467762
457242
461885
465650
468567
470605
471854
472772
472731
484725
459949
450397
457568
463519
468150
471486
473660
475230
475579
488267
445778
439162
450285
459807
467243
472557
476021
478394
479109
492275
421728
420346
438379
453981
465975
474410
479776
483165
484194
497331
381912
390470
419602
445195
464706
478135
486392
491121
492327
504438
320631
344292
390856
432421
463886
485299
498083
504713
505902
515219
232990
276883
348633
413909
463588
497573
517775
527518
528564
532162
126857
185400
289098
386355
461829
515149
547963
563823
565395
558901
90635.6
74807.8
208455
342474
450910
532700
587571
616922
622553
600396
197987
84237
104036
269365
413913
534130
625818
684645
705717
662871
297014
220125
58978.3
153956
327151
490887
635196
750075
815799
753330
335988
354469
217794
86209.9
190270
386984
585591
775447
939721
883156
302616
496329
427717
289066
119163
159040
392318
668341
1.0256e+06
1.14045e+06
235177
188672
159540
141439
129469
121375
115430
110177
104398
97416.9
201866
145875
120014
108604
103259
100710
99193.6
97419.4
94365.1
89547.2
181120
129310
103888
93313.9
89856.4
89538.8
90122.4
90159.1
88636.6
85140.7
159594
120933
99672.3
89962.2
86659.5
86507.5
87375.7
87796.2
86750.7
83840.5
138283
112244
97125.2
89975.7
87560.7
87535.6
88268.1
88551.9
87511
84823.1
118350
101831
92666.9
88921.6
88354.2
89199
90239.5
90592.5
89622.4
87171.4
100317
90375.7
86110.8
85773.7
87531
89882.4
91830
92720.5
92153.6
90166.7
84279.4
78782.1
78221.3
80880.6
85037.9
89243
92552.8
94428.3
94634
93379.9
70168.8
67600.1
69728.5
74888.9
81331.2
87525.5
92476.3
95663
96944
96654.7
57865.5
57139.3
61158.5
68393.4
76965.6
85175.6
91914.2
96624.6
99192.6
100028
47263.5
47511.2
52839
61868
72456.6
82669.7
91262.9
97614.9
101603
103674
38264.5
38760.3
45003
55711.6
68271.4
80464.6
90925.8
98976.7
104465
107850
30803.7
30872.9
37856.4
50315.6
64857.7
78994.9
91297.6
101055
108090
112868
24822.3
23836.8
31683.8
46128.3
62668.6
78678.6
92754
104193
112804
119076
20289.7
17649.7
26943.1
43671.4
62158.4
79915.1
95656
108725
118943
126845
17162.6
12394.8
24320.2
43460.5
63734.2
83066
100340
114978
126845
136563
15399.4
8420.68
24471.3
45847.5
67708.4
88445.8
107124
123276
136859
148626
14890.2
6768.86
27520.7
50944.6
74298
96334
116317
133944
149335
163429
15470.1
8315.63
33141.2
58787.4
83728.1
107041
128258
147334
164634
181336
16840.1
12116.5
41204.2
69610.4
96386.5
121005
143383
163849
183121
202661
18609.6
17890.1
52258
84130.2
113021
138927
162301
183989
205170
227613
20180.3
26667.4
67666.7
103734
134897
161881
185869
208369
231133
256245
20852.7
40578.7
89851.7
130670
163911
191379
215214
237726
261316
288374
20062.8
62785.6
122409
168093
202570
229315
251672
272832
295893
323516
19653.2
98689.8
170489
219925
253706
277684
296526
314307
334782
360832
31239.1
156617
240485
290309
319971
338074
350559
362287
377484
399098
71143.9
248380
338499
382454
402879
410763
413364
416007
422910
436789
158910
382629
467349
497349
501191
493434
482585
473435
469288
472171
327699
551164
626897
630780
608012
579937
553592
531206
514193
503501
544831
765905
812448
763418
708310
660663
620064
585007
554800
529199
2481.06
15234.9
36214.1
57978.4
76646
90291.2
97799.2
99066.7
93954.3
80715.7
14208.8
33282.6
46490.1
53456.9
57987
62498.8
66986.9
71906
79001.7
91968.7
25993.4
38777.7
49440.7
51562
49559.4
50188.5
57998.2
73273.3
95010.3
123611
38104
39344.1
44785.6
45428.7
45253.5
51873.1
68240.3
92192.5
122118
158691
47977.8
33098
34837.8
40379.4
50217.1
66643.4
89392.7
117761
152127
194261
51486.4
17549.3
33577.2
53633.4
72892.4
93347.2
116809
145568
182310
229971
42142.6
28351.3
69883.6
97001.7
117348
134592
152394
175966
211793
265641
13670.3
88733.7
139019
167454
184444
195378
204447
217567
246069
304413
74982.4
176907
233611
257886
268206
274314
279736
288201
310905
375292
276492
295873
341652
350204
354052
360651
372392
395926
457496
676249
554608
526252
488632
455976
428053
404461
383414
363968
347388
336802
395243
399834
405958
406560
402937
397771
393740
392179
393040
396977
333156
337429
345423
353136
359385
364907
370015
376843
382563
384702
289270
293254
300807
309107
317079
324848
332810
340836
346880
349827
250033
253415
259951
267283
274447
281812
289404
298669
306856
310581
211661
214475
220215
226808
233431
240317
247878
256304
263458
267414
173374
175345
180017
185488
190971
196881
203369
211824
219643
223500
134383
134993
138200
142270
146532
151328
157113
164308
170682
174077
96001.8
94278.4
94730.6
96061.7
97788
100393
104255
110479
116401
118810
71809.7
67809.2
63579.5
59787.9
56189.7
53438.2
51310.2
51061.4
51042
50275.1
49211.6
69142.6
98439.6
130022
161113
191396
222260
257406
305960
412674
123363
140920
156241
172158
189517
208964
231513
257954
283421
283696
180932
197562
207135
214107
220877
228943
238656
248169
251844
242990
230409
243821
248009
247546
245252
242815
240386
236398
228388
215398
273559
282240
279563
270962
259841
248156
236334
223713
209568
194184
313791
313683
301551
283517
263787
244589
226485
209134
192182
175805
348894
336624
312136
283671
256339
232070
210839
191875
174444
158221
378147
347195
307248
268893
236741
210865
189782
171866
155813
140861
393164
335887
279899
236769
205450
182414
164677
150020
136828
124137
388207
279993
223665
189172
166243
150209
138227
128280
118852
109059
)
;

boundaryField
{
    topandbottom
    {
        type            empty;
    }
    frontload
    {
        type            calculated;
        value           nonuniform List<scalar> 
30
(
586566
610178
732183
884843
1.03782e+06
1.18177e+06
1.31275e+06
1.42782e+06
1.52556e+06
1.60501e+06
1.6659e+06
1.70818e+06
1.73171e+06
1.73665e+06
1.72249e+06
1.68927e+06
1.63602e+06
1.56272e+06
1.46809e+06
1.35261e+06
1.21607e+06
1.06226e+06
898687
747374
653099
677414
834880
1.084e+06
1.40347e+06
1.7456e+06
)
;
    }
    backload
    {
        type            calculated;
        value           nonuniform List<scalar> 
30
(
1.19336e+06
928632
720034
642406
709278
867725
1.05709e+06
1.24326e+06
1.41168e+06
1.55584e+06
1.67411e+06
1.76619e+06
1.83283e+06
1.87481e+06
1.89262e+06
1.88681e+06
1.857e+06
1.80325e+06
1.72423e+06
1.61966e+06
1.4878e+06
1.32926e+06
1.14491e+06
943150
744252
603865
615023
807078
1.12337e+06
1.49045e+06
)
;
    }
    floor
    {
        type            calculated;
        value           nonuniform List<scalar> 
130
(
378843
444164
513737
587638
667276
754414
853479
975429
1.16781e+06
1.68687e+06
930114
817083
690669
562155
442558
339479
256206
192441
145748
112897
90731
76578
68355
64513.9
63934.4
65808.9
69528
74567
80369.1
86225.7
91154.3
93783.1
92284.1
84457.1
68319.3
45593.8
45059.2
98150.8
180949
286179
1.01983e+06
1.06511e+06
1.09772e+06
1.11827e+06
1.12734e+06
1.12537e+06
1.11239e+06
1.0881e+06
1.05186e+06
1.00378e+06
364283
328851
291913
254189
216424
179349
143616
109744
78163.7
49601.7
27558.1
27533.2
48345.8
74432
102935
133982
168222
206445
249382
297683
351742
411676
477140
547320
620831
695812
770043
841186
907017
965593
548228
555515
555102
547753
534334
515687
492483
465214
434221
399772
451167
275472
235031
209248
188650
170476
153016
135805
119308
104549
93280.6
85813.4
81850.6
81028.6
82516.5
85389.6
88917.1
92658.6
96446.7
100315
104444
109104
114629
121394
129802
140274
153234
169102
188250
210981
237457
267639
301204
337467
375357
413412
449930
483108
511291
533157
)
;
    }
    outerfree
    {
        type            calculated;
        value           nonuniform List<scalar> 
180
(
971086
1.0676e+06
1.12653e+06
1.17407e+06
1.21083e+06
1.23803e+06
1.25728e+06
1.27004e+06
1.27755e+06
1.28082e+06
1.28069e+06
1.27786e+06
1.27294e+06
1.26648e+06
1.25899e+06
1.25095e+06
1.24284e+06
1.2352e+06
1.22863e+06
1.22386e+06
1.22171e+06
1.22301e+06
1.22828e+06
1.23725e+06
1.24815e+06
1.25703e+06
1.25701e+06
1.23926e+06
1.1947e+06
1.11912e+06
119332
172829
144246
124697
142831
178386
209186
223622
214438
174964
119326
212663
271018
323065
365480
387855
375696
316165
188871
210527
1.11115e+06
1.09665e+06
1.08037e+06
1.06628e+06
1.05484e+06
1.0459e+06
1.03893e+06
1.03321e+06
1.02798e+06
1.02252e+06
1.01613e+06
1.00817e+06
997996
984952
968336
947395
921277
889055
849694
802117
745239
678136
600227
511651
413741
309332
203767
108129
67499.4
116028
1.59069e+06
1.28926e+06
1.2252e+06
1.20658e+06
1.20031e+06
1.19561e+06
1.18791e+06
1.17538e+06
1.15744e+06
1.13155e+06
1.57796e+06
1.93455e+06
2.17278e+06
2.2996e+06
2.34096e+06
2.31027e+06
2.20982e+06
2.0265e+06
1.73957e+06
1.34683e+06
858806
1.03288e+06
1.17842e+06
1.28906e+06
1.37114e+06
1.42088e+06
1.42521e+06
1.35809e+06
1.19205e+06
929599
478767
480982
480294
477486
474861
472997
472298
472224
472814
473513
474448
475155
475840
476063
475990
474999
472966
468638
460869
446642
422428
382130
319825
230156
119246
80942.8
195971
296434
333032
294616
5585.64
15320.2
37083
59039.9
77677.2
91021.5
98098.2
98662.3
92284.4
75713.1
31751.1
57132.6
90733.2
124939
157663
188962
220365
255640
304851
419171
5360.96
11734.3
24115.6
36808.5
48173
54356.9
50476.7
39508.9
90284.9
304440
65052.1
61181.9
56556.6
52120.3
47696.6
43789.5
39766.6
36645.6
34354.7
32663.9
)
;
    }
    innerfree
    {
        type            calculated;
        value           nonuniform List<scalar> 
290
(
832087
291896
365548
591577
795940
972309
1.12384e+06
1.2522e+06
1.35866e+06
1.44401e+06
1.50896e+06
1.55412e+06
1.57973e+06
1.58622e+06
1.5733e+06
1.54126e+06
1.48936e+06
1.41776e+06
1.32533e+06
1.21224e+06
1.07733e+06
921866
748087
569115
428976
448150
694569
1.14048e+06
1.85121e+06
2.79001e+06
2.51882e+06
2.17688e+06
1.90187e+06
1.73373e+06
1.62541e+06
1.55021e+06
1.49596e+06
1.45693e+06
1.42987e+06
1.41254e+06
1.40313e+06
1.40022e+06
1.40261e+06
1.40938e+06
1.41975e+06
1.43308e+06
1.44883e+06
1.46652e+06
1.48571e+06
1.50593e+06
1.52672e+06
1.54755e+06
1.56792e+06
1.58749e+06
1.60643e+06
1.62587e+06
1.6479e+06
1.67248e+06
1.70718e+06
1.76041e+06
1.04988e+06
1.02256e+06
1.00595e+06
996397
992411
991856
993282
995954
999620
1.00433e+06
1.01032e+06
1.01796e+06
1.02767e+06
1.03996e+06
1.05535e+06
1.07441e+06
1.09772e+06
1.12592e+06
1.15965e+06
1.19962e+06
1.2466e+06
1.30152e+06
1.36564e+06
1.4409e+06
1.53072e+06
1.64189e+06
1.78886e+06
2.00254e+06
2.34205e+06
2.832e+06
474885
91574.1
103195
137532
123541
95395.3
66715.7
42590.8
24523.6
12429.2
5548.28
2845.64
3184.56
6045.62
10956
17584.4
25887.5
36081.4
48640.6
64307.7
84105.9
109332
141516
182298
233207
295100
366881
441074
498118
555190
2.78164e+06
2.18856e+06
2.16593e+06
2.23275e+06
2.27461e+06
2.29104e+06
2.29207e+06
2.28767e+06
2.33098e+06
2.61716e+06
2.05506e+06
1.20137e+06
603292
405757
549290
772821
988354
1.18067e+06
1.34716e+06
1.48729e+06
1.60168e+06
1.69089e+06
1.75559e+06
1.79637e+06
1.81345e+06
1.80723e+06
1.77739e+06
1.724e+06
1.64608e+06
1.54323e+06
1.41368e+06
1.25658e+06
1.06996e+06
854466
613571
378386
350861
735431
1.43288e+06
2.37482e+06
85283.5
28760.6
103397
129698
131163
121907
108514
94063.2
80042.8
67322.9
56448.4
47799.2
41659.1
38211.9
37612
39894.7
45086.1
53026.7
63543.5
76128.1
90215.5
104636
118020
127926
130612
119066
79751.1
72928.2
312413
668419
556795
184118
311738
646822
869417
1.00006e+06
1.07481e+06
1.12698e+06
1.20723e+06
1.42809e+06
229733
202736
182993
161027
139156
118809
100532
84353.7
70174.6
57844.7
47250.4
38285.5
30883.6
24982.7
20546.6
17522.7
15859.2
15445.4
16132
17629.4
19540.8
21187.8
21668.2
19635.5
13565.6
12860.8
47241.2
127495
294330
536968
557899
507028
467974
443655
431735
429613
433750
440638
447843
454228
459572
464086
468071
471765
475312
478780
482208
485661
489277
493356
498471
505610
516366
533185
559657
600765
663099
755637
898159
1.21843e+06
561583
527480
486350
451685
422283
397006
373303
348998
325579
308511
3.12174e+06
2.21713e+06
1.76264e+06
1.47077e+06
1.27511e+06
1.15109e+06
1.07273e+06
1.00957e+06
961054
999617
3.13613e+06
2.4468e+06
2.33214e+06
2.3275e+06
2.32064e+06
2.30664e+06
2.28909e+06
2.27153e+06
2.30265e+06
2.5939e+06
)
;
    }
}


// ************************************************************************* //
