/*--------------------------------*- C++ -*----------------------------------*\
| =========                 |                                                 |
| \\      /  F ield         | OpenFOAM: The Open Source CFD Toolbox           |
|  \\    /   O peration     | Version:  2106                                  |
|   \\  /    A nd           | Website:  www.openfoam.com                      |
|    \\/     M anipulation  |                                                 |
\*---------------------------------------------------------------------------*/
FoamFile
{
    version     2.0;
    format      ascii;
    arch        "LSB;label=32;scalar=64";
    class       volScalarField;
    location    "100";
    object      sigmaEq;
}
// * * * * * * * * * * * * * * * * * * * * * * * * * * * * * * * * * * * * * //

dimensions      [1 -1 -2 0 0 0 0];

internalField   nonuniform List<scalar> 
3500
(
1.41758e+06
1.84316e+06
2.33548e+06
2.72853e+06
3.04079e+06
3.2883e+06
3.48103e+06
3.62538e+06
3.7248e+06
3.78173e+06
3.7971e+06
3.77183e+06
3.70584e+06
3.59943e+06
3.45209e+06
3.26395e+06
3.0344e+06
2.76371e+06
2.45183e+06
2.10047e+06
1.71325e+06
1.30191e+06
903094
654723
810203
1.26103e+06
1.80863e+06
2.3828e+06
2.95949e+06
3.47489e+06
2.19124e+06
2.12549e+06
2.15743e+06
2.25958e+06
2.39255e+06
2.52517e+06
2.64094e+06
2.73351e+06
2.79985e+06
2.83941e+06
2.85137e+06
2.83622e+06
2.79371e+06
2.72491e+06
2.63029e+06
2.51197e+06
2.37198e+06
2.2149e+06
2.04672e+06
1.87823e+06
1.72503e+06
1.61074e+06
1.56367e+06
1.60885e+06
1.75472e+06
1.99043e+06
2.294e+06
2.63468e+06
2.95622e+06
3.15393e+06
2.40454e+06
2.29414e+06
2.15057e+06
2.0397e+06
1.97592e+06
1.95094e+06
1.94987e+06
1.96024e+06
1.97335e+06
1.98411e+06
1.98945e+06
1.98828e+06
1.98047e+06
1.96726e+06
1.95065e+06
1.93396e+06
1.92128e+06
1.91793e+06
1.92962e+06
1.96231e+06
2.02085e+06
2.10837e+06
2.22523e+06
2.36916e+06
2.53558e+06
2.71806e+06
2.90627e+06
3.07901e+06
3.19469e+06
3.19633e+06
2.3295e+06
2.22836e+06
2.04945e+06
1.85467e+06
1.67231e+06
1.5172e+06
1.39438e+06
1.30396e+06
1.24427e+06
1.21345e+06
1.20965e+06
1.23112e+06
1.27601e+06
1.34255e+06
1.42901e+06
1.53388e+06
1.65582e+06
1.79368e+06
1.94636e+06
2.11268e+06
2.29116e+06
2.47978e+06
2.67558e+06
2.8742e+06
3.06903e+06
3.24979e+06
3.3996e+06
3.49165e+06
3.48898e+06
3.36193e+06
2.1364e+06
2.02646e+06
1.84631e+06
1.63602e+06
1.41412e+06
1.19371e+06
983472
791328
630024
524050
506106
583080
725219
902662
1.09908e+06
1.30668e+06
1.52166e+06
1.74203e+06
1.96672e+06
2.19509e+06
2.42669e+06
2.66101e+06
2.89692e+06
3.1316e+06
3.35847e+06
3.56407e+06
3.72427e+06
3.80239e+06
3.75546e+06
3.55671e+06
1.9019e+06
1.76813e+06
1.60312e+06
1.42502e+06
1.23981e+06
1.05152e+06
863847
682844
521268
409189
396432
493888
655797
847088
1.05264e+06
1.26616e+06
1.4848e+06
1.70727e+06
1.9331e+06
2.16247e+06
2.39614e+06
2.63544e+06
2.88185e+06
3.13589e+06
3.39408e+06
3.64377e+06
3.85635e+06
3.98406e+06
3.96581e+06
3.75392e+06
1.67533e+06
1.52629e+06
1.42405e+06
1.34758e+06
1.28404e+06
1.22649e+06
1.17338e+06
1.12781e+06
1.09406e+06
1.0773e+06
1.08108e+06
1.10793e+06
1.15787e+06
1.22999e+06
1.322e+06
1.43188e+06
1.55748e+06
1.69757e+06
1.85132e+06
2.01902e+06
2.20185e+06
2.40252e+06
2.62507e+06
2.87463e+06
3.15445e+06
3.45903e+06
3.76155e+06
4.00328e+06
4.09827e+06
3.95952e+06
1.5215e+06
1.43231e+06
1.48334e+06
1.56301e+06
1.6417e+06
1.70911e+06
1.76379e+06
1.80517e+06
1.83503e+06
1.85358e+06
1.86273e+06
1.86264e+06
1.85547e+06
1.84193e+06
1.82518e+06
1.80732e+06
1.79316e+06
1.78691e+06
1.79547e+06
1.82534e+06
1.88525e+06
1.98351e+06
2.13033e+06
2.33654e+06
2.61439e+06
2.97128e+06
3.39268e+06
3.81095e+06
4.09984e+06
4.15098e+06
1.62621e+06
1.70766e+06
1.9123e+06
2.09706e+06
2.25902e+06
2.39898e+06
2.51561e+06
2.6077e+06
2.67385e+06
2.71352e+06
2.72595e+06
2.7112e+06
2.66908e+06
2.60028e+06
2.50541e+06
2.38621e+06
2.24478e+06
2.08519e+06
1.91332e+06
1.7396e+06
1.58066e+06
1.46399e+06
1.42805e+06
1.51465e+06
1.75174e+06
2.14974e+06
2.70406e+06
3.36304e+06
3.9343e+06
4.15171e+06
2.37638e+06
2.39668e+06
2.61149e+06
2.82706e+06
3.03015e+06
3.21415e+06
3.37201e+06
3.49947e+06
3.59197e+06
3.6478e+06
3.66428e+06
3.64134e+06
3.57731e+06
3.47299e+06
3.32714e+06
3.14105e+06
2.91379e+06
2.64709e+06
2.34046e+06
1.99637e+06
1.61559e+06
1.20389e+06
774877
421345
559641
1.09561e+06
1.78977e+06
2.67291e+06
3.8618e+06
5.20977e+06
1.25303e+06
932745
774268
847838
1.06959e+06
1.39515e+06
1.81971e+06
2.3593e+06
3.04143e+06
4.38033e+06
765249
859368
871868
1.04026e+06
1.29175e+06
1.615e+06
2.02141e+06
2.53229e+06
3.17124e+06
3.9264e+06
515963
736280
867795
1.09647e+06
1.37794e+06
1.70356e+06
2.085e+06
2.53456e+06
3.04089e+06
3.5092e+06
332080
617420
827666
1.09205e+06
1.38746e+06
1.71031e+06
2.06777e+06
2.46564e+06
2.89033e+06
3.26621e+06
206864
541382
789665
1.06648e+06
1.36089e+06
1.67385e+06
2.01051e+06
2.37517e+06
2.76091e+06
3.10984e+06
191579
522038
775907
1.04538e+06
1.3267e+06
1.62301e+06
1.93921e+06
2.27992e+06
2.64318e+06
2.98188e+06
277904
551260
789276
1.03889e+06
1.29887e+06
1.57322e+06
1.86679e+06
2.1847e+06
2.52777e+06
2.85556e+06
393834
611414
823674
1.04757e+06
1.28176e+06
1.5305e+06
1.79878e+06
2.09179e+06
2.41154e+06
2.72221e+06
514051
687767
871513
1.06795e+06
1.27476e+06
1.49612e+06
1.73696e+06
2.00244e+06
2.29515e+06
2.58216e+06
633041
771662
927043
1.09612e+06
1.27548e+06
1.46889e+06
1.6813e+06
1.91756e+06
2.18037e+06
2.43917e+06
750022
858912
986730
1.12901e+06
1.28146e+06
1.44724e+06
1.63092e+06
1.83717e+06
2.06892e+06
2.29734e+06
865605
947776
1.04876e+06
1.16478e+06
1.29086e+06
1.42943e+06
1.58481e+06
1.76123e+06
1.9617e+06
2.15963e+06
981037
1.03793e+06
1.11242e+06
1.2024e+06
1.30251e+06
1.41446e+06
1.54195e+06
1.689e+06
1.85902e+06
2.02757e+06
1.09788e+06
1.12973e+06
1.17767e+06
1.24159e+06
1.31584e+06
1.40137e+06
1.50156e+06
1.61999e+06
1.76042e+06
1.90138e+06
1.21792e+06
1.22402e+06
1.24486e+06
1.28227e+06
1.33051e+06
1.38984e+06
1.46294e+06
1.55324e+06
1.66516e+06
1.78041e+06
1.34307e+06
1.32182e+06
1.31453e+06
1.32473e+06
1.34651e+06
1.37934e+06
1.42554e+06
1.48814e+06
1.57212e+06
1.66333e+06
1.47525e+06
1.42435e+06
1.38736e+06
1.36918e+06
1.3638e+06
1.36986e+06
1.38887e+06
1.42369e+06
1.48018e+06
1.54858e+06
1.61624e+06
1.5327e+06
1.46401e+06
1.4161e+06
1.38254e+06
1.36102e+06
1.35249e+06
1.35934e+06
1.38807e+06
1.43437e+06
1.76732e+06
1.64783e+06
1.54519e+06
1.46584e+06
1.40292e+06
1.35304e+06
1.31611e+06
1.2942e+06
1.2947e+06
1.31896e+06
1.92869e+06
1.7701e+06
1.63132e+06
1.51905e+06
1.4255e+06
1.34598e+06
1.27968e+06
1.22804e+06
1.19903e+06
1.20062e+06
2.0986e+06
1.89893e+06
1.72258e+06
1.57631e+06
1.4512e+06
1.34103e+06
1.24381e+06
1.16068e+06
1.10048e+06
1.07784e+06
2.27228e+06
2.03204e+06
1.81836e+06
1.63844e+06
1.48169e+06
1.33995e+06
1.21025e+06
1.09332e+06
998960
949298
2.44059e+06
2.16487e+06
1.91707e+06
1.70591e+06
1.51917e+06
1.34637e+06
1.1827e+06
1.02869e+06
895822
814103
2.58921e+06
2.2899e+06
2.01564e+06
1.77896e+06
1.56635e+06
1.36489e+06
1.16749e+06
973263
795077
671772
2.69843e+06
2.39681e+06
2.1101e+06
1.8574e+06
1.62585e+06
1.40129e+06
1.17348e+06
938082
706745
522692
2.7445e+06
2.47386e+06
2.19694e+06
1.94212e+06
1.70069e+06
1.46062e+06
1.21014e+06
939403
651933
369507
2.70226e+06
2.51164e+06
2.27679e+06
2.03709e+06
1.79523e+06
1.54755e+06
1.28456e+06
992944
664514
227341
2.54992e+06
2.51024e+06
2.35795e+06
2.15017e+06
1.91509e+06
1.66562e+06
1.39965e+06
1.10504e+06
772676
186722
2.28138e+06
2.48484e+06
2.44809e+06
2.28149e+06
2.05789e+06
1.81287e+06
1.55627e+06
1.27727e+06
976013
359090
1.95054e+06
2.42437e+06
2.48382e+06
2.34657e+06
2.1296e+06
1.88786e+06
1.65542e+06
1.45137e+06
1.28647e+06
829582
3.58677e+06
3.13371e+06
2.99582e+06
3.01645e+06
3.09665e+06
3.20472e+06
3.35316e+06
3.62241e+06
4.31782e+06
6.50356e+06
4.01278e+06
3.16172e+06
2.71909e+06
2.51254e+06
2.41168e+06
2.35712e+06
2.34195e+06
2.41591e+06
2.69143e+06
3.05667e+06
4.28311e+06
3.26062e+06
2.55189e+06
2.08867e+06
1.77474e+06
1.55423e+06
1.42592e+06
1.44572e+06
1.64706e+06
1.80004e+06
4.40697e+06
3.33291e+06
2.47169e+06
1.81197e+06
1.30409e+06
937151
783265
901335
1.13257e+06
1.2474e+06
4.41965e+06
3.34419e+06
2.43127e+06
1.68789e+06
1.084e+06
639172
529503
746814
957557
1.03058e+06
4.34413e+06
3.29349e+06
2.4071e+06
1.6957e+06
1.13584e+06
756130
681219
862814
1.0455e+06
1.10553e+06
4.18729e+06
3.18592e+06
2.40103e+06
1.82454e+06
1.40692e+06
1.1303e+06
1.03041e+06
1.12584e+06
1.30564e+06
1.38801e+06
3.93913e+06
3.03157e+06
2.43716e+06
2.07583e+06
1.83795e+06
1.66075e+06
1.54602e+06
1.55543e+06
1.72181e+06
1.84408e+06
3.5751e+06
2.87005e+06
2.55567e+06
2.43579e+06
2.3732e+06
2.31246e+06
2.2553e+06
2.26698e+06
2.4742e+06
2.7825e+06
3.09967e+06
2.79349e+06
2.76736e+06
2.84254e+06
2.92573e+06
2.99082e+06
3.05244e+06
3.18745e+06
3.67689e+06
5.40286e+06
4.03511e+06
3.31162e+06
3.13631e+06
3.08608e+06
3.01357e+06
2.92083e+06
2.82005e+06
2.71915e+06
2.67556e+06
2.90429e+06
2.38236e+06
3.08662e+06
3.10665e+06
3.04431e+06
2.96646e+06
2.88889e+06
2.81449e+06
2.73851e+06
2.6542e+06
2.43185e+06
1.76536e+06
2.78008e+06
3.03328e+06
2.99473e+06
2.91841e+06
2.85643e+06
2.80665e+06
2.74638e+06
2.61099e+06
2.24385e+06
1.37292e+06
2.49584e+06
2.93366e+06
2.93536e+06
2.86828e+06
2.82303e+06
2.79581e+06
2.74746e+06
2.57628e+06
2.16893e+06
1.1343e+06
2.2819e+06
2.82472e+06
2.8642e+06
2.8139e+06
2.78762e+06
2.78165e+06
2.7473e+06
2.56464e+06
2.14815e+06
1.10765e+06
2.15635e+06
2.7157e+06
2.78051e+06
2.75397e+06
2.74959e+06
2.76417e+06
2.74915e+06
2.58119e+06
2.16476e+06
1.25791e+06
2.11761e+06
2.60658e+06
2.68447e+06
2.68875e+06
2.70923e+06
2.74358e+06
2.75322e+06
2.62688e+06
2.2194e+06
1.47206e+06
2.14104e+06
2.48744e+06
2.57666e+06
2.6196e+06
2.66737e+06
2.7201e+06
2.75654e+06
2.699e+06
2.33172e+06
1.74204e+06
2.17113e+06
2.34227e+06
2.45991e+06
2.5495e+06
2.62568e+06
2.69441e+06
2.75362e+06
2.78564e+06
2.57442e+06
2.78049e+06
2.11128e+06
2.16204e+06
2.34243e+06
2.48388e+06
2.58717e+06
2.66833e+06
2.73929e+06
2.85608e+06
3.19151e+06
29125.9
103196
295397
573671
894823
1.22329e+06
1.52866e+06
1.78475e+06
1.96967e+06
2.06512e+06
91795.9
331415
551593
756892
944036
1.11197e+06
1.25713e+06
1.37225e+06
1.44895e+06
1.48318e+06
240674
528136
772228
951928
1.06693e+06
1.12333e+06
1.13205e+06
1.10665e+06
1.06343e+06
1.02197e+06
460058
704946
933079
1.08125e+06
1.14786e+06
1.1373e+06
1.05865e+06
927785
776282
666531
719862
856233
1.02987e+06
1.13262e+06
1.15541e+06
1.10129e+06
974233
782631
561674
449644
994127
979498
1.05808e+06
1.0979e+06
1.07694e+06
996474
856455
660084
468347
531937
1.26235e+06
1.07121e+06
1.01376e+06
971871
910822
831537
736384
635069
625395
892789
1.51302e+06
1.11607e+06
890785
761360
689951
686637
755554
876569
1.07492e+06
1.47203e+06
1.74844e+06
1.07963e+06
699379
539935
574482
765913
1.05588e+06
1.41363e+06
1.86311e+06
2.53807e+06
2.19337e+06
1.05623e+06
664050
656212
857905
1.17635e+06
1.59554e+06
2.15126e+06
3.04297e+06
5.30118e+06
1.47523e+06
1.10557e+06
1.21859e+06
1.32088e+06
1.45651e+06
1.6289e+06
1.83804e+06
2.09025e+06
2.39989e+06
2.77251e+06
1.11539e+06
978948
1.08454e+06
1.24809e+06
1.41544e+06
1.59463e+06
1.79673e+06
2.03461e+06
2.32446e+06
2.67237e+06
795835
821086
965694
1.1656e+06
1.36085e+06
1.54867e+06
1.74369e+06
1.96305e+06
2.22602e+06
2.54443e+06
568598
662384
869907
1.09941e+06
1.30996e+06
1.50011e+06
1.68437e+06
1.88151e+06
2.11298e+06
2.39432e+06
391898
555039
812640
1.05924e+06
1.27262e+06
1.45615e+06
1.62396e+06
1.79464e+06
1.99015e+06
2.22866e+06
250198
511741
797741
1.04605e+06
1.25146e+06
1.42038e+06
1.56596e+06
1.70578e+06
1.86173e+06
2.05431e+06
173444
524253
816162
1.05457e+06
1.24432e+06
1.39277e+06
1.51171e+06
1.61729e+06
1.73099e+06
1.87649e+06
225063
576601
856477
1.07771e+06
1.24717e+06
1.37162e+06
1.46111e+06
1.53025e+06
1.60034e+06
1.69873e+06
351833
654351
910331
1.10974e+06
1.25623e+06
1.35478e+06
1.41355e+06
1.44538e+06
1.47118e+06
1.52278e+06
500320
747896
972711
1.14693e+06
1.26879e+06
1.34066e+06
1.3684e+06
1.36291e+06
1.34447e+06
1.3494e+06
656729
851562
1.04084e+06
1.18723e+06
1.28324e+06
1.32813e+06
1.32532e+06
1.28326e+06
1.22071e+06
1.17853e+06
817146
962080
1.11319e+06
1.22958e+06
1.29877e+06
1.31677e+06
1.28419e+06
1.2067e+06
1.10055e+06
1.00994e+06
980082
1.07752e+06
1.18893e+06
1.27357e+06
1.31508e+06
1.30633e+06
1.24515e+06
1.13385e+06
984685
843263
1.14491e+06
1.19675e+06
1.26758e+06
1.31905e+06
1.33215e+06
1.29694e+06
1.2084e+06
1.0653e+06
874471
678584
1.31132e+06
1.31904e+06
1.34888e+06
1.36608e+06
1.3501e+06
1.28868e+06
1.17429e+06
1.00208e+06
772010
516810
1.4792e+06
1.44397e+06
1.43268e+06
1.41476e+06
1.36912e+06
1.28184e+06
1.1432e+06
945234
680930
361994
1.64844e+06
1.57125e+06
1.51892e+06
1.46525e+06
1.38942e+06
1.27655e+06
1.11552e+06
896268
606755
230798
1.81898e+06
1.70073e+06
1.60759e+06
1.51769e+06
1.4112e+06
1.27306e+06
1.09163e+06
856670
557239
189270
1.99067e+06
1.83231e+06
1.69875e+06
1.57231e+06
1.43462e+06
1.27136e+06
1.07178e+06
828121
540483
286001
2.16334e+06
1.966e+06
1.79255e+06
1.62922e+06
1.4597e+06
1.27139e+06
1.05595e+06
811805
561018
442091
2.33677e+06
2.10199e+06
1.88927e+06
1.68859e+06
1.48622e+06
1.27249e+06
1.04366e+06
808335
616589
618144
2.5109e+06
2.24079e+06
1.98935e+06
1.75028e+06
1.51335e+06
1.27342e+06
1.0336e+06
817048
699981
804733
2.68606e+06
2.38362e+06
2.09342e+06
1.8136e+06
1.53914e+06
1.27141e+06
1.02334e+06
836078
802834
998479
2.86372e+06
2.53286e+06
2.20194e+06
1.87621e+06
1.55927e+06
1.26171e+06
1.00888e+06
862153
917617
1.19644e+06
3.04788e+06
2.69251e+06
2.31376e+06
1.93192e+06
1.56531e+06
1.23628e+06
984638
891229
1.03755e+06
1.39434e+06
3.24833e+06
2.86735e+06
2.42177e+06
1.96642e+06
1.54259e+06
1.18384e+06
944149
919078
1.15597e+06
1.5855e+06
3.48699e+06
3.05575e+06
2.50234e+06
1.9522e+06
1.46988e+06
1.09123e+06
882524
942783
1.26609e+06
1.76039e+06
3.80894e+06
3.22446e+06
2.49936e+06
1.84879e+06
1.32512e+06
949342
801416
962016
1.36095e+06
1.90706e+06
4.29271e+06
3.2509e+06
2.32698e+06
1.62377e+06
1.10058e+06
763935
716645
979792
1.43382e+06
2.01314e+06
4.9155e+06
2.92496e+06
1.96574e+06
1.29944e+06
826472
575773
662340
999507
1.47703e+06
2.07006e+06
209304
347856
502717
672852
857948
1.05888e+06
1.28017e+06
1.53671e+06
1.87741e+06
2.48552e+06
151875
297103
478768
688686
924397
1.18551e+06
1.47375e+06
1.78916e+06
2.10253e+06
2.26492e+06
124032
261678
463161
702221
970665
1.26266e+06
1.5703e+06
1.87635e+06
2.14195e+06
2.30348e+06
105913
226880
447053
709508
999113
1.30508e+06
1.61514e+06
1.91284e+06
2.17883e+06
2.39662e+06
97736.7
189111
432374
717522
1.02331e+06
1.33725e+06
1.64945e+06
1.95178e+06
2.24004e+06
2.51024e+06
119788
158822
430800
739933
1.05878e+06
1.37689e+06
1.69084e+06
2.0019e+06
2.31538e+06
2.63069e+06
188910
177395
467855
796445
1.11923e+06
1.43199e+06
1.74094e+06
2.05614e+06
2.39004e+06
2.74485e+06
331582
314407
590791
911198
1.21251e+06
1.50116e+06
1.79247e+06
2.10225e+06
2.44803e+06
2.83537e+06
722135
665056
853096
1.09284e+06
1.32956e+06
1.57211e+06
1.83342e+06
2.1276e+06
2.47322e+06
2.88102e+06
2.197e+06
1.31231e+06
1.20406e+06
1.28622e+06
1.43539e+06
1.62542e+06
1.853e+06
2.12395e+06
2.45391e+06
2.85384e+06
548565
1.19741e+06
1.3983e+06
1.38451e+06
1.32463e+06
1.26134e+06
1.20294e+06
1.1513e+06
1.10853e+06
1.07718e+06
163256
585264
789521
882950
913924
916390
909806
905114
910192
930302
168520
249020
417362
520061
583831
624631
654705
684318
722369
775074
197880
64159.4
195676
293939
363408
416601
462174
507464
559517
624213
177485
30764.7
84138.8
169087
233405
285443
331688
377481
428010
488683
140635
52147.5
49707.7
109102
161332
206006
246195
285155
326481
375078
103692
51787.6
43476.7
79209.9
118477
154671
187765
218919
250140
285439
73080.5
42429.3
35383.1
58055.8
87921.5
117509
145117
170380
193891
218388
50689.1
31510.6
23490.3
39132
63566.8
89058.4
113226
134854
153532
170697
36366.1
23091
10936.2
22976.8
45200.5
68453.5
90541
109996
125870
138604
29108.3
20094.9
7755.32
15658.6
35597.4
56657.7
76796.4
94467.7
108476
118634
27630.5
23168.8
18470.8
22870.4
36771.6
54057.6
71466.3
87044.1
99388.1
107957
30631.8
30007.6
30185
34914.2
45100.4
58602.4
72955.2
86214.6
96933.7
104446
37006.5
38886.9
41904.7
47516.2
56261.7
67307.4
79184
90402.4
99733.8
106600
45964.8
49302.7
53994.5
60381.9
68661.5
78379.7
88639.2
98414.5
106805
113449
57032.6
61256.7
66978.9
73970
82188.5
91285.1
100660
109628
117600
124459
70029.1
74964.4
81429.9
88922.9
97275.5
106177
115199
123899
131939
139430
85072.1
90821.1
97988.6
105969
114574
123539
132565
141398
149905
158395
102620
109459
117439
125951
134874
144035
153262
162474
171726
181492
123566
131852
140821
149907
159141
168486
177926
187566
197654
208817
149380
159462
169578
179209
188605
197913
207310
217124
227832
240211
182331
194436
205744
215723
224887
233607
242286
251529
262103
274953
225764
239858
252153
261959
270081
277139
283784
290934
299717
311304
284501
300067
312601
321048
326574
330093
332470
334887
338859
345880
365479
381049
391720
396105
396126
393063
387787
381467
375856
372880
479015
490586
493575
487883
477308
463207
445751
425503
403960
383396
641606
635845
615725
588607
560198
529562
494927
455566
411727
365275
880612
808101
732330
670782
617889
565770
510766
450333
381675
304223
1.2354e+06
928764
770189
674405
594222
521213
451041
377015
290954
186922
1.62747e+06
785781
611946
481981
387003
317781
259256
198667
124485
48115.4
3.04099e+06
2.45081e+06
2.18095e+06
1.97432e+06
1.80916e+06
1.67359e+06
1.55718e+06
1.45227e+06
1.35415e+06
1.26035e+06
2.38619e+06
2.35188e+06
2.24404e+06
2.10253e+06
1.95904e+06
1.82443e+06
1.69755e+06
1.57375e+06
1.44823e+06
1.31754e+06
2.15961e+06
2.18645e+06
2.17942e+06
2.12208e+06
2.02869e+06
1.91639e+06
1.7934e+06
1.66093e+06
1.51651e+06
1.35713e+06
2.07142e+06
2.08817e+06
2.10807e+06
2.09781e+06
2.04581e+06
1.95889e+06
1.84613e+06
1.71226e+06
1.55733e+06
1.37942e+06
2.03336e+06
2.04077e+06
2.06163e+06
2.06744e+06
2.036e+06
1.96498e+06
1.86074e+06
1.7288e+06
1.57057e+06
1.38499e+06
2.01842e+06
2.02254e+06
2.0394e+06
2.04333e+06
2.01251e+06
1.94356e+06
1.84185e+06
1.71251e+06
1.557e+06
1.37451e+06
2.02554e+06
2.02982e+06
2.03767e+06
2.02388e+06
1.97566e+06
1.89586e+06
1.79089e+06
1.66467e+06
1.51757e+06
1.34841e+06
2.07621e+06
2.07371e+06
2.04992e+06
1.99525e+06
1.91401e+06
1.81589e+06
1.70619e+06
1.58581e+06
1.45327e+06
1.30692e+06
2.23129e+06
2.15375e+06
2.04267e+06
1.92396e+06
1.80637e+06
1.6941e+06
1.5855e+06
1.47709e+06
1.36587e+06
1.2503e+06
2.58052e+06
2.13255e+06
1.91298e+06
1.75814e+06
1.63293e+06
1.5267e+06
1.43205e+06
1.34391e+06
1.25993e+06
1.17993e+06
884615
1.3556e+06
1.84599e+06
2.21333e+06
2.49737e+06
2.72417e+06
2.89713e+06
2.95196e+06
2.57154e+06
1.70084e+06
635825
1.32743e+06
1.90803e+06
2.32814e+06
2.62867e+06
2.82681e+06
2.89797e+06
2.73952e+06
2.13451e+06
836641
611246
1.26289e+06
1.87159e+06
2.31364e+06
2.60705e+06
2.75363e+06
2.71744e+06
2.41179e+06
1.69973e+06
440271
867557
1.26659e+06
1.80206e+06
2.21467e+06
2.47447e+06
2.56523e+06
2.45226e+06
2.08128e+06
1.41875e+06
839440
1.22549e+06
1.35173e+06
1.73421e+06
2.07038e+06
2.27668e+06
2.31956e+06
2.17279e+06
1.82583e+06
1.36732e+06
1.28771e+06
1.59614e+06
1.48899e+06
1.67887e+06
1.90537e+06
2.04691e+06
2.05547e+06
1.91678e+06
1.66506e+06
1.4688e+06
1.68313e+06
1.94654e+06
1.64802e+06
1.63772e+06
1.73371e+06
1.8045e+06
1.79237e+06
1.69506e+06
1.58127e+06
1.62942e+06
2.02894e+06
2.26133e+06
1.80845e+06
1.61038e+06
1.5643e+06
1.55915e+06
1.53696e+06
1.50565e+06
1.54775e+06
1.79886e+06
2.32902e+06
2.53252e+06
1.9574e+06
1.59544e+06
1.40387e+06
1.31558e+06
1.29016e+06
1.34366e+06
1.54318e+06
1.95571e+06
2.58429e+06
2.75618e+06
2.08686e+06
1.59033e+06
1.25851e+06
1.07683e+06
1.05196e+06
1.20643e+06
1.55296e+06
2.09047e+06
2.79452e+06
2.93049e+06
2.19152e+06
1.59155e+06
1.13443e+06
847073
824342
1.09416e+06
1.568e+06
2.19842e+06
2.95881e+06
3.05491e+06
2.2681e+06
1.59545e+06
1.03839e+06
635657
615356
1.01004e+06
1.58239e+06
2.27681e+06
3.07645e+06
3.12928e+06
2.31445e+06
1.59892e+06
977356
467649
449623
958633
1.59281e+06
2.3241e+06
3.14655e+06
3.15376e+06
2.3295e+06
1.59991e+06
956988
401678
387055
944314
1.59737e+06
2.33935e+06
3.16864e+06
3.12837e+06
2.3128e+06
1.59767e+06
979506
481977
471301
968689
1.59581e+06
2.3223e+06
3.14213e+06
3.05325e+06
2.26476e+06
1.593e+06
1.04273e+06
657460
648047
1.02989e+06
1.58894e+06
2.27315e+06
3.06693e+06
2.9283e+06
2.18641e+06
1.58824e+06
1.1413e+06
873085
862771
1.12322e+06
1.57906e+06
2.19287e+06
2.94282e+06
2.75356e+06
2.08009e+06
1.58736e+06
1.26905e+06
1.10626e+06
1.09392e+06
1.24339e+06
1.5697e+06
2.08317e+06
2.77006e+06
2.52904e+06
1.94957e+06
1.59573e+06
1.42047e+06
1.34857e+06
1.33367e+06
1.38574e+06
1.56617e+06
1.94722e+06
2.54882e+06
2.25531e+06
1.80147e+06
1.61977e+06
1.59124e+06
1.59649e+06
1.57905e+06
1.54728e+06
1.57528e+06
1.79029e+06
2.27979e+06
1.9339e+06
1.64659e+06
1.66594e+06
1.77794e+06
1.84837e+06
1.82921e+06
1.72665e+06
1.60576e+06
1.62176e+06
1.96365e+06
1.56935e+06
1.50287e+06
1.73969e+06
1.97763e+06
2.10331e+06
2.08456e+06
1.9245e+06
1.66767e+06
1.45825e+06
1.60171e+06
1.17433e+06
1.39751e+06
1.84412e+06
2.1873e+06
2.36046e+06
2.34627e+06
2.14335e+06
1.77272e+06
1.32974e+06
1.19619e+06
791596
1.36557e+06
1.97966e+06
2.40336e+06
2.61806e+06
2.61541e+06
2.38763e+06
1.93363e+06
1.28454e+06
754939
588719
1.4366e+06
2.14404e+06
2.62067e+06
2.87163e+06
2.89047e+06
2.66135e+06
2.1643e+06
1.38099e+06
344599
815593
1.61791e+06
2.33275e+06
2.83082e+06
3.1105e+06
3.16235e+06
2.9625e+06
2.47475e+06
1.65735e+06
504669
1.29315e+06
1.892e+06
2.53668e+06
3.01848e+06
3.31305e+06
3.40665e+06
3.27043e+06
2.85736e+06
2.11393e+06
1.12627e+06
1.84724e+06
2.22536e+06
2.73491e+06
3.15609e+06
3.44247e+06
3.57721e+06
3.53212e+06
3.25663e+06
2.69984e+06
1.94196e+06
2.42701e+06
2.55875e+06
2.88325e+06
3.20253e+06
3.45049e+06
3.60919e+06
3.66062e+06
3.55322e+06
3.24667e+06
3.02563e+06
2.96539e+06
2.78021e+06
2.91757e+06
3.1189e+06
3.30063e+06
3.44466e+06
3.55803e+06
3.62108e+06
3.49277e+06
4.28217e+06
219653
227332
221594
221747
224154
227025
230198
234436
241372
253197
209481
131631
124899
135956
147255
157004
166214
176544
190251
209885
203015
92352.9
56356.4
67569.8
84685.1
99189.6
112231
126210
144012
168617
186363
89088
32707.7
26893.2
44568.6
59287.9
71791.5
85303.9
103548
130069
164440
91425.3
47449.9
35279.7
40514.4
46473
50726.1
56571.3
69659.3
94774.1
141237
89042.1
59978.8
53527
55773.2
56124.6
51876.1
44956.4
44312.9
63376.4
118949
82172.9
64856
64733
69284.9
69942.9
63678.2
50146.3
33417.1
37674.1
98644.3
72683.9
64032
69702
78000.9
81261.5
76385.1
62399.4
40353
25673
80846.7
62026.8
59543.6
70368.7
82807.5
89534.9
87457.7
75637.3
55255
36310.7
65830
51107.1
52912.2
68462.8
85104.5
95600.2
96928.6
88367.8
71731.1
55838.1
53761.7
40445.4
45282.9
65458.5
86239.4
100530
105492
100679
88435.6
76979.1
44766.1
30349
37688.7
62674.3
87411.3
105350
113968
113111
105491
98809.9
38964.4
21066.1
31362.8
61311.5
89642.9
110962
123148
126325
123431
121703
36478.7
13121.8
27939.2
62333.8
93733.4
118116
133744
140995
142931
146382
37408.5
8619.65
28750.6
66247.2
100213
127404
146392
157789
164724
173700
41778.5
10895.8
33396
73024.9
109359
139285
161666
177365
189581
204580
49527.5
16404.4
40266.7
82333.8
121314
154163
180130
200405
218306
239962
60500.5
21772.6
48063.6
93917.8
136301
172533
202435
227657
251742
280776
74421.7
25594.8
56309.3
108001
154914
195179
229448
260014
290783
327885
90814.2
26543.4
65655.9
125740
178491
223455
262435
298597
336380
382021
108897
22746.2
78667.7
149797
209541
259580
303253
344854
389538
443690
127422
11662.7
100771
184873
252101
306882
354497
400612
451281
513066
144410
14505.5
140277
237878
311827
369828
419486
468028
522562
589859
156664
58241.4
207430
317486
395578
453668
501970
549353
604097
673212
158834
135615
314290
433265
510530
563626
605429
646436
696088
761619
142953
266033
474586
594426
662905
703596
731956
759969
797889
852938
113766
474948
700842
808053
856108
874244
880829
888645
907668
944503
202367
780030
1.00007e+06
1.07681e+06
1.08739e+06
1.07057e+06
1.04724e+06
1.02856e+06
1.02224e+06
1.03334e+06
530017
1.17247e+06
1.37707e+06
1.39209e+06
1.34221e+06
1.28004e+06
1.222e+06
1.17324e+06
1.13719e+06
1.11648e+06
967011
1.70271e+06
1.81934e+06
1.71218e+06
1.58962e+06
1.48305e+06
1.39216e+06
1.31387e+06
1.24689e+06
1.19109e+06
644322
725179
742217
659345
498708
278145
89245.4
431215
1.06123e+06
2.11334e+06
808813
798109
764630
655323
477559
243681
101000
438393
871327
1.24079e+06
998679
861069
748746
603712
414152
195225
176272
454593
731983
886525
1.14912e+06
911495
727326
554039
371022
192255
182944
367196
529776
611204
1.25927e+06
946045
710765
528300
374794
247393
198204
269306
358126
415224
1.32078e+06
957686
714116
572926
493845
439455
398078
386813
412729
447598
1.31769e+06
944977
774049
748229
772665
790157
783726
763907
756814
757034
1.22768e+06
931941
943991
1.06833e+06
1.18992e+06
1.27762e+06
1.3254e+06
1.33374e+06
1.31528e+06
1.26785e+06
1.02794e+06
990589
1.24084e+06
1.48806e+06
1.68705e+06
1.84462e+06
1.97043e+06
2.06623e+06
2.1252e+06
2.11082e+06
751765
1.18111e+06
1.5994e+06
1.91854e+06
2.17089e+06
2.3839e+06
2.57753e+06
2.77373e+06
3.04038e+06
3.81643e+06
3.4791e+06
3.0239e+06
2.66259e+06
2.31916e+06
1.96325e+06
1.60269e+06
1.24291e+06
887738
567900
410234
2.19445e+06
2.52566e+06
2.33321e+06
2.06143e+06
1.77793e+06
1.4967e+06
1.2201e+06
947802
691075
508355
1.48411e+06
2.02108e+06
1.98976e+06
1.80211e+06
1.59553e+06
1.39588e+06
1.20338e+06
1.01077e+06
805223
601250
981224
1.55212e+06
1.64534e+06
1.5443e+06
1.41556e+06
1.2956e+06
1.1834e+06
1.065e+06
906426
689812
593643
1.12309e+06
1.30323e+06
1.28429e+06
1.23272e+06
1.18969e+06
1.15374e+06
1.10703e+06
999385
779370
358220
728867
964637
1.01898e+06
1.04212e+06
1.07314e+06
1.11064e+06
1.13636e+06
1.0895e+06
876653
406496
374755
633194
746454
839598
942603
1.0529e+06
1.1543e+06
1.18263e+06
991067
632406
233878
344072
468579
621159
796527
982097
1.16356e+06
1.28511e+06
1.14124e+06
907835
548665
335823
218110
382538
637171
904179
1.16865e+06
1.40069e+06
1.38215e+06
1.14197e+06
991466
656018
266285
124717
482262
833921
1.17668e+06
1.52072e+06
1.88389e+06
1.82656e+06
1.38646e+06
1.21063e+06
1.07963e+06
973538
885934
810731
742600
677124
610928
1.25853e+06
1.22692e+06
1.16239e+06
1.07807e+06
990546
908554
832662
759947
686277
607724
1.02158e+06
1.0398e+06
1.04062e+06
1.01019e+06
956125
891667
823659
753055
677405
593238
891079
903178
919048
916442
888760
843169
787006
723327
651356
568644
797408
801649
814161
818958
804901
773216
728721
674434
610481
535509
717404
716497
721644
723858
713769
690119
655247
611107
558028
495566
642590
637451
634368
629954
618733
599232
572111
538137
497529
450546
570044
559000
545960
533797
520310
503848
483767
459896
432392
402078
499470
474852
449511
431977
418792
406720
394078
380284
365708
351673
424767
368886
337631
323546
316166
311063
306625
302654
300082
300698
130360
109096
105404
107903
111976
116171
120066
123647
126707
135938
131281
121151
116292
114594
116414
120544
126041
132785
139978
150792
135341
127037
124479
122260
122156
124614
129379
136317
144031
156314
140666
131900
130340
128593
127856
128914
132125
137777
144545
157485
146618
136490
134828
133102
132034
132185
134010
138083
143372
156166
152562
141300
138700
136340
134738
134109
134789
137420
141169
153392
158013
145747
142188
138882
136423
134901
134501
135813
138124
149645
162353
149752
145235
140933
137522
134991
133468
133491
134421
145166
165050
152474
147563
142555
138267
134743
132086
130806
130361
140206
165346
153711
148862
143604
138787
134452
130744
128188
126347
135122
162464
152498
148732
143983
139138
134347
129803
126072
122857
130367
155291
148453
146809
143540
139444
134723
129687
124977
120448
126472
142638
140430
142697
142297
139925
135981
130922
125510
119786
124044
122918
127851
136145
140345
140987
138704
134215
128462
121687
123791
94489.4
109640
127120
138101
143223
143641
140422
134765
127150
126571
55374.1
85989.7
116338
136290
147431
151663
150526
145520
137358
133440
4916.64
60524.2
106093
136212
154515
163641
165499
161871
153654
145692
63021.4
55114.7
101818
139637
165297
180250
186195
184969
177506
164882
145651
94416.6
111618
148566
180299
201854
213240
215880
210454
192808
245886
161981
140663
164535
199517
228378
247000
255564
254064
231448
363746
247496
187655
188020
222343
259345
287575
304828
309831
282846
497572
348450
249135
218254
247430
293743
334718
364210
379014
348913
641968
461255
321704
253413
272403
329774
387637
433804
462392
431141
786041
581006
401850
290805
293143
363855
444234
512733
559892
530172
910970
696744
484748
327922
303098
388796
499445
598146
670044
645246
990386
793141
563855
364859
294891
391357
541974
682805
788967
773517
994717
848307
630607
408562
271630
352966
550341
750852
908550
909418
900800
843942
676905
470396
274608
265656
493072
770820
1.01295e+06
1.0449e+06
703415
778291
702327
554018
361930
212691
364236
697402
1.0711e+06
1.17901e+06
433010
647963
682434
600953
439557
222051
154615
511229
1.05935e+06
1.42902e+06
201141
131033
122754
113439
107295
102585
97778.8
92044.8
85018.5
77009.1
155558
131153
125748
120514
115104
110090
104960
99163.3
92500
85341.2
113559
117373
118050
117468
115446
112348
108370
103515
97926.7
92133.1
84176.2
96664.7
104174
108489
110436
110308
108492
105362
101397
97300.1
63113.7
76943.2
88526.6
96908.5
102505
105513
106284
105319
103286
101010
47194
60570.9
73945.3
85031.9
93545.8
99399.1
102767
104096
104083
103584
34605
47410.9
61436.7
74128.4
84797.2
93044.8
98803.2
102355
104296
105426
24363.1
36849.3
51079.7
64719.2
76958.3
87169.5
95042.2
100644
104394
106973
15940.8
28410.4
42701.3
56957.2
70391.4
82227.4
91948.1
99401.1
104793
108656
9086.77
21913.8
36192.6
50900
65303.2
78518.2
89859.9
98974.9
105859
110889
4050.82
17462.5
31587.2
46638.3
61862.3
76273.3
89047.8
99660
107915
114059
3540.34
15332.2
29027.5
44316.9
60243.9
75701.9
89750
101721
111264
118535
6321.42
15471
28602.4
44074
60616.9
77000.3
92188.6
105408
116198
124676
8722.63
17229.2
30191.6
45957.5
63106.8
80340.7
96571.5
110966
123006
132841
10244.7
19841.2
33483.4
49898
67775
85862
103091
118632
131984
143397
10818.1
22852.5
38162.9
55773.9
74642.6
93681.2
111931
128649
143433
156718
10456.4
26102
44059.7
63520.6
83757.7
103933
123291
141273
157671
173183
9245.66
29646.8
51221.8
73237.2
95285.1
116837
137431
156798
175030
193160
7372.74
33760.4
59982.5
85295.3
109615
132782
154727
175586
195862
216973
5191.95
39031.8
71084.1
100479
127496
152438
175752
198108
220536
244863
3406.86
46564.6
85881.9
120173
150197
176881
201359
224985
249423
276915
3382.68
58249.8
106618
146584
179658
207694
232743
257001
282867
312982
6061.04
77108.5
136742
182923
218566
246985
271433
295077
321121
352581
13106.3
107804
181235
233429
270229
297227
319128
340118
364227
394811
28887.2
157608
246775
303023
338125
360809
377287
392702
411829
438294
61353.5
237507
341083
396345
425070
439238
446413
452567
462934
481187
126107
361141
470225
516228
531965
531877
525068
518006
515674
521296
253041
535191
634775
662281
655702
634233
608917
585429
567205
556284
488383
742293
833301
827663
785397
736540
690531
649460
613867
583948
782580
1.00195e+06
1.06171e+06
985067
899317
824707
760515
703665
651594
602493
5177.64
10326.8
11661.4
10724.4
8670.03
10494
19650.7
33655.7
51041.2
73293.5
7490.47
1990.63
7992.16
16019.7
24997.4
35342.5
47146.2
60342.3
74798.9
91657
6727.97
5323.09
12924.5
24886.5
38464.4
52997.4
68092.2
83349.3
98351.9
113663
7160.1
12118.5
21685.9
35227.8
50973.6
67813
85072.2
102161
118449
134077
9942.07
20651.7
33085.8
47606.9
63909.9
81379
99508.2
117772
135484
152521
14974.9
30695.8
45799.4
60762.6
76410.3
93033.2
110756
129491
148763
168423
22609.7
43016.7
59391.8
73336.5
86843.7
101046
116860
135054
155890
179630
35061.7
58549.6
73523.8
84558.7
94465.4
104646
116457
131758
152921
181587
57864.7
76173.7
87776.6
95288.2
101252
106972
113113
121464
137410
169620
111921
95140.3
103231
107455
111213
114987
118245
121060
128277
173584
65596.8
56077.5
47709.2
47841.8
56909.3
72531.5
92853.7
117450
145314
164337
176454
176594
178967
182316
186751
192339
198552
204684
211330
222007
197731
202113
206756
210987
214572
217367
219211
219930
220266
221718
192879
196914
200602
203674
205986
207425
207836
207195
206111
205779
179088
182423
185253
187522
189194
190209
190478
189953
189149
189037
161698
164659
167171
169217
170809
171924
172506
172535
172417
172825
142624
145473
148030
150225
152083
153596
154726
155461
156122
157128
122308
125278
128209
130892
133351
135587
137565
139288
140981
142769
101391
104822
108635
112358
115995
119548
123008
126335
129623
132564
85529.4
89999.1
95700.1
101460
107208
112966
118666
124393
130093
134471
147880
171902
187730
199624
208600
215733
222342
230498
244886
289341
139705
152233
162883
171685
178993
185787
193284
202055
207818
190390
145352
146931
149024
151260
153702
156768
160487
163249
159974
143387
156341
148662
141737
135856
131626
129278
128144
126275
120700
109431
168956
152226
136038
121662
110654
103368
98807.3
95039.4
89966.3
82577.4
181789
154350
127908
105455
89456.7
79816.4
74585.7
71181.4
67380.1
62353.4
194229
152172
113968
85729.4
69455.8
62277.1
59690.4
58036
55132.4
50647.5
206442
142249
92768.8
66884.3
59034.6
58691.9
59394.4
58540.4
55118.4
49460.7
226791
123053
75704.5
66789.1
68729
70839.9
70996
68702.1
63713.6
56523.6
365812
130554
94802.1
91026.3
90251.1
88778.1
86017.1
81551.4
75089.1
66999.5
)
;

boundaryField
{
    topandbottom
    {
        type            empty;
    }
    frontload
    {
        type            calculated;
        value           nonuniform List<scalar> 
30
(
1.33334e+06
1.7978e+06
2.324e+06
2.73255e+06
3.05227e+06
3.30384e+06
3.49914e+06
3.64506e+06
3.74548e+06
3.80275e+06
3.81807e+06
3.79216e+06
3.72517e+06
3.61712e+06
3.4677e+06
3.27669e+06
3.04358e+06
2.76815e+06
2.4502e+06
2.09046e+06
1.69134e+06
1.26097e+06
828044
530206
707408
1.19814e+06
1.76809e+06
2.35723e+06
2.95298e+06
3.50894e+06
)
;
    }
    backload
    {
        type            calculated;
        value           nonuniform List<scalar> 
30
(
883606
580211
553950
836243
1.21015e+06
1.59043e+06
1.94757e+06
2.26747e+06
2.54262e+06
2.76929e+06
2.94583e+06
3.07175e+06
3.14699e+06
3.17173e+06
3.14604e+06
3.07001e+06
2.94353e+06
2.76654e+06
2.53891e+06
2.26094e+06
1.93373e+06
1.56083e+06
1.15262e+06
746067
513188
758799
1.25845e+06
1.82662e+06
2.42442e+06
3.00375e+06
)
;
    }
    floor
    {
        type            calculated;
        value           nonuniform List<scalar> 
130
(
239098
375425
524542
685580
858313
1.04355e+06
1.24545e+06
1.48112e+06
1.82714e+06
2.61158e+06
1.09268e+06
957327
807830
656829
516989
397193
301349
229131
177647
143036
121538
110023
106124
108187
115152
126434
141811
161302
185032
213068
245178
280488
316975
350781
375425
381215
355480
284307
156359
57909.1
1.26146e+06
1.30797e+06
1.33863e+06
1.35473e+06
1.35745e+06
1.34762e+06
1.32554e+06
1.29097e+06
1.24339e+06
1.18301e+06
262065
220190
179575
140965
104995
72368.8
44578.5
27779.5
34213.8
53741.2
76010.9
99284
123792
150259
179585
212751
250751
294553
345018
402825
468347
541524
621726
707649
797288
888020
976827
1.06062e+06
1.1366e+06
1.20248e+06
605137
597752
580761
555632
523855
486779
445573
401265
354825
307209
307690
183021
136828
104709
78523.5
58170.4
45915.2
44568
52166.2
63436.7
74256
83366.8
90921.8
96800.1
101136
104232
106493
108370
110324
112804
116234
121018
127550
136223
147435
161593
179099
200335
225624
255168
288976
326757
367818
410979
454548
496394
534141
565468
588444
601799
)
;
    }
    outerfree
    {
        type            calculated;
        value           nonuniform List<scalar> 
180
(
1.28139e+06
780352
508448
306194
150478
118276
228766
358405
486168
610085
730705
849253
967257
1.08648e+06
1.2088e+06
1.33626e+06
1.47084e+06
1.61442e+06
1.7683e+06
1.93276e+06
2.10604e+06
2.28324e+06
2.45504e+06
2.60672e+06
2.71805e+06
2.76459e+06
2.72029e+06
2.56184e+06
2.2802e+06
1.91076e+06
7210.58
80769.2
278778
561474
887888
1.22182e+06
1.53218e+06
1.79241e+06
1.98043e+06
2.0773e+06
8296.51
70501.6
222722
444873
709037
988679
1.26292e+06
1.52178e+06
1.77428e+06
2.22672e+06
2.77906e+06
2.67812e+06
2.54953e+06
2.39842e+06
2.23143e+06
2.05548e+06
1.87593e+06
1.69626e+06
1.51832e+06
1.34275e+06
1.16946e+06
998004
827794
658314
489324
321646
162629
102332
242289
418943
605285
798312
996729
1.19844e+06
1.39946e+06
1.59325e+06
1.77021e+06
1.91825e+06
2.02498e+06
2.08221e+06
2.53336e+06
2.26426e+06
2.30353e+06
2.40125e+06
2.51753e+06
2.63933e+06
2.75414e+06
2.84491e+06
2.89053e+06
2.862e+06
3.54679e+06
4.02388e+06
4.30846e+06
4.43608e+06
4.44981e+06
4.3741e+06
4.21588e+06
3.96387e+06
3.58607e+06
3.06249e+06
646686
807722
1.00195e+06
1.15565e+06
1.26787e+06
1.33032e+06
1.32675e+06
1.23242e+06
1.01307e+06
661075
133180
132271
135934
141246
147338
153409
159002
163432
166220
166541
163664
156402
143593
123572
94708.1
54953.5
4455.7
65540.6
149652
251710
371788
508125
655297
802026
929143
1.00954e+06
1.01321e+06
916541
713865
437602
7405.81
11414.3
11814.4
9705.82
5208.97
5551.06
16559.4
31475.2
49371.1
72101.7
147834
172432
188373
200355
209405
216538
222992
230826
245570
295810
7132.01
8377.19
7205.44
7527.12
10082.4
14879.5
22389.1
35053.7
59252.4
120284
84395
88863.2
94674.6
100551
106415
112290
118105
123951
129761
134153
)
;
    }
    innerfree
    {
        type            calculated;
        value           nonuniform List<scalar> 
290
(
2.39985e+06
2.42496e+06
2.63362e+06
2.84826e+06
3.05204e+06
3.23672e+06
3.39562e+06
3.52362e+06
3.61683e+06
3.67264e+06
3.6892e+06
3.66545e+06
3.60067e+06
3.49457e+06
3.34695e+06
3.15791e+06
2.92754e+06
2.65624e+06
2.34432e+06
1.9924e+06
1.60097e+06
1.17064e+06
701987
204228
384816
998852
1.71677e+06
2.62123e+06
3.88096e+06
5.44434e+06
4.47325e+06
3.95178e+06
3.52737e+06
3.28469e+06
3.12903e+06
3.00107e+06
2.87388e+06
2.73895e+06
2.59682e+06
2.45152e+06
2.3073e+06
2.16729e+06
2.03305e+06
1.90486e+06
1.78199e+06
1.66313e+06
1.54665e+06
1.43074e+06
1.31358e+06
1.19341e+06
1.06864e+06
937899
800129
654547
500564
337541
166760
89431.4
322395
816318
1.55017e+06
1.1226e+06
782287
549245
365314
205014
89687.8
164289
314352
473892
636727
801508
967750
1.13526e+06
1.30397e+06
1.47386e+06
1.64495e+06
1.81718e+06
1.99045e+06
2.16458e+06
2.33939e+06
2.51476e+06
2.69102e+06
2.86955e+06
3.05434e+06
3.25546e+06
3.49683e+06
3.83167e+06
4.36435e+06
5.12146e+06
487283
33026.8
169114
206023
183196
144179
105862
74427.5
51564.9
36981.4
29548.8
27897.4
30731.6
36981.9
45863.3
56885.8
69852
84868.1
102386
123296
149070
181977
225367
284065
365020
478648
642072
886034
1.2648e+06
1.73969e+06
2.94943e+06
2.12139e+06
2.15408e+06
2.33681e+06
2.48121e+06
2.58573e+06
2.66698e+06
2.73845e+06
2.86375e+06
3.26437e+06
1.70947e+06
661444
187142
798475
1.28086e+06
1.68719e+06
2.03866e+06
2.34257e+06
2.60077e+06
2.81321e+06
2.9792e+06
3.09797e+06
3.16875e+06
3.19096e+06
3.16416e+06
3.08808e+06
2.9626e+06
2.78781e+06
2.56391e+06
2.29128e+06
1.97033e+06
1.60148e+06
1.18469e+06
718907
200090
383211
1.06023e+06
1.90056e+06
3.04445e+06
4.48022e+06
193193
206004
205837
189628
166959
143021
120200
99544.6
81537.6
66425.6
54360.6
45449.1
39782.4
37437.2
38480.1
42946.3
50823.9
62008
76259.9
93123.2
111841
131182
149200
162643
165645
146571
80831.7
82634.5
433104
921623
1.10076e+06
1.00398e+06
667923
272229
110272
476345
830926
1.1762e+06
1.52678e+06
1.93361e+06
214248
159235
113786
83589.6
62446.3
46573.6
34018.2
23770.8
15289.9
8251.9
2463.44
2198.39
5791.85
8348.84
9876.21
10384.7
9907.41
8535.45
6452.19
3987.62
1682.59
408.376
1419.84
6895.53
20569.9
49673
109395
231459
473867
813833
139438
152089
157513
158624
157233
154378
150546
145979
140928
135750
130904
126923
124417
124094
126817
133652
145919
165211
193377
232448
284517
351532
434996
535540
652354
782554
920714
1.05993e+06
1.20541e+06
1.4975e+06
47824.5
30862.4
10501.8
14055.7
33868.2
55224.1
78574.3
105404
136196
159326
3.60085e+06
3.04702e+06
2.67148e+06
2.32582e+06
1.96822e+06
1.60537e+06
1.24288e+06
885110
564138
409857
4.25878e+06
3.33273e+06
3.13413e+06
3.08482e+06
3.01399e+06
2.9213e+06
2.81954e+06
2.71815e+06
2.68087e+06
2.96142e+06
)
;
    }
}


// ************************************************************************* //
