/*--------------------------------*- C++ -*----------------------------------*\
| =========                 |                                                 |
| \\      /  F ield         | OpenFOAM: The Open Source CFD Toolbox           |
|  \\    /   O peration     | Version:  2106                                  |
|   \\  /    A nd           | Website:  www.openfoam.com                      |
|    \\/     M anipulation  |                                                 |
\*---------------------------------------------------------------------------*/
FoamFile
{
    version     2.0;
    format      ascii;
    arch        "LSB;label=32;scalar=64";
    class       volScalarField;
    location    "40";
    object      sigmaEq;
}
// * * * * * * * * * * * * * * * * * * * * * * * * * * * * * * * * * * * * * //

dimensions      [1 -1 -2 0 0 0 0];

internalField   nonuniform List<scalar> 
3500
(
787483
995253
1.29766e+06
1.57301e+06
1.81733e+06
2.03223e+06
2.21825e+06
2.37535e+06
2.50276e+06
2.60037e+06
2.6674e+06
2.70406e+06
2.70948e+06
2.68397e+06
2.62636e+06
2.53697e+06
2.41437e+06
2.259e+06
2.06964e+06
1.84775e+06
1.59449e+06
1.31721e+06
1.03241e+06
789654
704751
874473
1.21899e+06
1.63902e+06
2.09611e+06
2.5221e+06
1.38905e+06
1.34004e+06
1.34721e+06
1.41145e+06
1.51076e+06
1.62135e+06
1.72767e+06
1.82303e+06
1.90301e+06
1.96629e+06
2.01086e+06
2.03676e+06
2.04271e+06
2.02955e+06
1.99656e+06
1.94548e+06
1.87661e+06
1.79335e+06
1.69849e+06
1.59914e+06
1.50371e+06
1.4265e+06
1.38408e+06
1.39487e+06
1.47137e+06
1.61704e+06
1.82558e+06
2.07966e+06
2.3301e+06
2.4764e+06
1.6544e+06
1.60605e+06
1.52813e+06
1.45883e+06
1.41326e+06
1.39115e+06
1.38547e+06
1.39004e+06
1.39976e+06
1.4117e+06
1.4234e+06
1.43381e+06
1.44206e+06
1.44859e+06
1.45408e+06
1.46055e+06
1.47036e+06
1.48714e+06
1.51468e+06
1.55735e+06
1.61875e+06
1.7016e+06
1.80653e+06
1.93238e+06
2.07613e+06
2.23379e+06
2.39826e+06
2.55319e+06
2.66164e+06
2.66476e+06
1.76546e+06
1.73335e+06
1.64556e+06
1.5293e+06
1.40426e+06
1.28341e+06
1.17348e+06
1.0782e+06
1.00013e+06
941947
906109
894682
908490
947125
1.00896e+06
1.0919e+06
1.19377e+06
1.31275e+06
1.44732e+06
1.59621e+06
1.75815e+06
1.93155e+06
2.11408e+06
2.30221e+06
2.49044e+06
2.67017e+06
2.82699e+06
2.93789e+06
2.96801e+06
2.88296e+06
1.81479e+06
1.77949e+06
1.68967e+06
1.55773e+06
1.39923e+06
1.22825e+06
1.05467e+06
884860
724367
581167
470893
420222
450552
549978
690875
854810
1.03276e+06
1.22063e+06
1.41649e+06
1.61952e+06
1.8293e+06
2.04553e+06
2.26738e+06
2.49258e+06
2.71566e+06
2.92525e+06
3.10083e+06
3.21069e+06
3.21615e+06
3.08515e+06
1.82586e+06
1.77351e+06
1.67336e+06
1.53302e+06
1.36712e+06
1.18933e+06
1.00847e+06
829962
657503
497289
364494
298316
340907
464721
624744
801290
987391
1.1805e+06
1.37989e+06
1.5857e+06
1.79871e+06
2.02015e+06
2.25134e+06
2.4928e+06
2.74173e+06
2.98796e+06
3.20804e+06
3.36251e+06
3.39772e+06
3.26517e+06
1.79816e+06
1.7142e+06
1.59489e+06
1.45391e+06
1.30906e+06
1.1726e+06
1.04941e+06
942760
854314
787963
746854
734959
752928
799830
871757
965061
1.07604e+06
1.20251e+06
1.34306e+06
1.49761e+06
1.66703e+06
1.85344e+06
2.06011e+06
2.29126e+06
2.54991e+06
2.83273e+06
3.1199e+06
3.36568e+06
3.49756e+06
3.43387e+06
1.70332e+06
1.56735e+06
1.43595e+06
1.33014e+06
1.26381e+06
1.23078e+06
1.22171e+06
1.22538e+06
1.23672e+06
1.24994e+06
1.26411e+06
1.27601e+06
1.28672e+06
1.29456e+06
1.3022e+06
1.30949e+06
1.32073e+06
1.33759e+06
1.36611e+06
1.41004e+06
1.47688e+06
1.57234e+06
1.70528e+06
1.88433e+06
2.1213e+06
2.42507e+06
2.79038e+06
3.16846e+06
3.46181e+06
3.56718e+06
1.42455e+06
1.25356e+06
1.19855e+06
1.24038e+06
1.33724e+06
1.45173e+06
1.56313e+06
1.66289e+06
1.7465e+06
1.81253e+06
1.85925e+06
1.88662e+06
1.89363e+06
1.88093e+06
1.84806e+06
1.79647e+06
1.72673e+06
1.64184e+06
1.54486e+06
1.44285e+06
1.34549e+06
1.27013e+06
1.24043e+06
1.28773e+06
1.44189e+06
1.72783e+06
2.15625e+06
2.69819e+06
3.20835e+06
3.47168e+06
527181
789143
1.11955e+06
1.41036e+06
1.66188e+06
1.8802e+06
2.06771e+06
2.22589e+06
2.35376e+06
2.45218e+06
2.51941e+06
2.5568e+06
2.56213e+06
2.53725e+06
2.47947e+06
2.39115e+06
2.26924e+06
2.11661e+06
1.93017e+06
1.71361e+06
1.46466e+06
1.18983e+06
894639
615858
487487
711435
1.19126e+06
1.87182e+06
2.82484e+06
3.92117e+06
417432
813886
972253
1.09958e+06
1.23683e+06
1.40727e+06
1.62943e+06
1.92153e+06
2.30619e+06
3.15628e+06
583810
835674
1.03171e+06
1.19565e+06
1.34884e+06
1.51723e+06
1.72191e+06
1.98352e+06
2.32667e+06
2.77144e+06
709351
877226
1.05239e+06
1.22104e+06
1.3807e+06
1.54414e+06
1.72591e+06
1.93819e+06
2.18304e+06
2.41923e+06
809321
929757
1.07004e+06
1.22277e+06
1.37508e+06
1.52803e+06
1.68741e+06
1.85803e+06
2.03834e+06
2.19516e+06
889816
984037
1.09192e+06
1.22068e+06
1.35681e+06
1.4954e+06
1.63568e+06
1.77828e+06
1.92317e+06
2.04257e+06
954083
1.03428e+06
1.11742e+06
1.22263e+06
1.33944e+06
1.46165e+06
1.58546e+06
1.70866e+06
1.83141e+06
1.92583e+06
1.00482e+06
1.07796e+06
1.14363e+06
1.22928e+06
1.32766e+06
1.4336e+06
1.54224e+06
1.64984e+06
1.75589e+06
1.82924e+06
1.04418e+06
1.11441e+06
1.16828e+06
1.23906e+06
1.32172e+06
1.4126e+06
1.50739e+06
1.60133e+06
1.69279e+06
1.74696e+06
1.0741e+06
1.14395e+06
1.19011e+06
1.25003e+06
1.32017e+06
1.39827e+06
1.48049e+06
1.56199e+06
1.64053e+06
1.67723e+06
1.0962e+06
1.16726e+06
1.20866e+06
1.26101e+06
1.32156e+06
1.38901e+06
1.46055e+06
1.53121e+06
1.59813e+06
1.61947e+06
1.11204e+06
1.1853e+06
1.22401e+06
1.27118e+06
1.32463e+06
1.38385e+06
1.44639e+06
1.50769e+06
1.56492e+06
1.57326e+06
1.12305e+06
1.19904e+06
1.23654e+06
1.28042e+06
1.32872e+06
1.38143e+06
1.43695e+06
1.49077e+06
1.53992e+06
1.53778e+06
1.1307e+06
1.20964e+06
1.24687e+06
1.28863e+06
1.3333e+06
1.38133e+06
1.43127e+06
1.47912e+06
1.52222e+06
1.51197e+06
1.13638e+06
1.21818e+06
1.25569e+06
1.29622e+06
1.33828e+06
1.38263e+06
1.42857e+06
1.47209e+06
1.51061e+06
1.49451e+06
1.14159e+06
1.22588e+06
1.26379e+06
1.3034e+06
1.3435e+06
1.38531e+06
1.42809e+06
1.4684e+06
1.50404e+06
1.48401e+06
1.14783e+06
1.23388e+06
1.27198e+06
1.31074e+06
1.34912e+06
1.38863e+06
1.42924e+06
1.46748e+06
1.50121e+06
1.47898e+06
1.15674e+06
1.24351e+06
1.28115e+06
1.31853e+06
1.35508e+06
1.39272e+06
1.43136e+06
1.46806e+06
1.50105e+06
1.47799e+06
1.17007e+06
1.25603e+06
1.29217e+06
1.32745e+06
1.3616e+06
1.39689e+06
1.4339e+06
1.4696e+06
1.50222e+06
1.47955e+06
1.18973e+06
1.27289e+06
1.30602e+06
1.33782e+06
1.36866e+06
1.40128e+06
1.43619e+06
1.47079e+06
1.50364e+06
1.48223e+06
1.21766e+06
1.29541e+06
1.32366e+06
1.35042e+06
1.37653e+06
1.40519e+06
1.43761e+06
1.47105e+06
1.50393e+06
1.48451e+06
1.25558e+06
1.32494e+06
1.34622e+06
1.36588e+06
1.38545e+06
1.40888e+06
1.43751e+06
1.46899e+06
1.50191e+06
1.48496e+06
1.30452e+06
1.36228e+06
1.37473e+06
1.38548e+06
1.39633e+06
1.41208e+06
1.43537e+06
1.46396e+06
1.49612e+06
1.48202e+06
1.36387e+06
1.40745e+06
1.41015e+06
1.41069e+06
1.4107e+06
1.4162e+06
1.43113e+06
1.45464e+06
1.4853e+06
1.47425e+06
1.43025e+06
1.4588e+06
1.45275e+06
1.4437e+06
1.4316e+06
1.42329e+06
1.42591e+06
1.44098e+06
1.46791e+06
1.46011e+06
1.49628e+06
1.5127e+06
1.50191e+06
1.48651e+06
1.46325e+06
1.43878e+06
1.4232e+06
1.42351e+06
1.44295e+06
1.43825e+06
1.54993e+06
1.56343e+06
1.55596e+06
1.54113e+06
1.51108e+06
1.47008e+06
1.43069e+06
1.40693e+06
1.41072e+06
1.40743e+06
1.57492e+06
1.60469e+06
1.61334e+06
1.60822e+06
1.5792e+06
1.5267e+06
1.46093e+06
1.40111e+06
1.37459e+06
1.36638e+06
1.55363e+06
1.63139e+06
1.67237e+06
1.6854e+06
1.6662e+06
1.6122e+06
1.5261e+06
1.42258e+06
1.34203e+06
1.31221e+06
1.47491e+06
1.64043e+06
1.72604e+06
1.76108e+06
1.75883e+06
1.71757e+06
1.62944e+06
1.49039e+06
1.331e+06
1.2419e+06
1.36082e+06
1.60682e+06
1.72945e+06
1.7844e+06
1.80469e+06
1.79437e+06
1.74151e+06
1.62068e+06
1.42106e+06
1.14311e+06
2.55016e+06
2.40574e+06
2.46918e+06
2.59508e+06
2.723e+06
2.84515e+06
2.97896e+06
3.18916e+06
3.69945e+06
5.3193e+06
2.92545e+06
2.37178e+06
2.17602e+06
2.14076e+06
2.14853e+06
2.15913e+06
2.17364e+06
2.22978e+06
2.40469e+06
2.62682e+06
3.1836e+06
2.4318e+06
1.97543e+06
1.72811e+06
1.58406e+06
1.48383e+06
1.41626e+06
1.41359e+06
1.51525e+06
1.59393e+06
3.3178e+06
2.49247e+06
1.87089e+06
1.43656e+06
1.13658e+06
939517
851560
892143
1.01891e+06
1.098e+06
3.35314e+06
2.5103e+06
1.82338e+06
1.29495e+06
897242
633134
556533
654566
790029
861101
3.3057e+06
2.47641e+06
1.80677e+06
1.30034e+06
929281
691743
622881
704902
823162
884497
3.17891e+06
2.39337e+06
1.82191e+06
1.44437e+06
1.19722e+06
1.03582e+06
955959
977060
1.07353e+06
1.13269e+06
2.9618e+06
2.27429e+06
1.89488e+06
1.7181e+06
1.62057e+06
1.53838e+06
1.46429e+06
1.43936e+06
1.51011e+06
1.56841e+06
2.63424e+06
2.16524e+06
2.06105e+06
2.09076e+06
2.12867e+06
2.13754e+06
2.12369e+06
2.13238e+06
2.25167e+06
2.43293e+06
2.21043e+06
2.15752e+06
2.31112e+06
2.48846e+06
2.63157e+06
2.73523e+06
2.81942e+06
2.94506e+06
3.31834e+06
4.66017e+06
3.44697e+06
2.78013e+06
2.64978e+06
2.63823e+06
2.61754e+06
2.58515e+06
2.54813e+06
2.51119e+06
2.52461e+06
2.78239e+06
2.13038e+06
2.64522e+06
2.66883e+06
2.64231e+06
2.60928e+06
2.57979e+06
2.55472e+06
2.5285e+06
2.49178e+06
2.30606e+06
1.62379e+06
2.44355e+06
2.65349e+06
2.6405e+06
2.60063e+06
2.57438e+06
2.55956e+06
2.53537e+06
2.43948e+06
2.11027e+06
1.30195e+06
2.25833e+06
2.61679e+06
2.6304e+06
2.59005e+06
2.56813e+06
2.56183e+06
2.53626e+06
2.3962e+06
2.02553e+06
1.10555e+06
2.13032e+06
2.57299e+06
2.61097e+06
2.57609e+06
2.56029e+06
2.56135e+06
2.53633e+06
2.375e+06
1.99336e+06
1.08223e+06
2.0753e+06
2.53002e+06
2.58194e+06
2.55793e+06
2.55047e+06
2.55817e+06
2.53858e+06
2.3802e+06
1.99662e+06
1.22187e+06
2.09325e+06
2.48858e+06
2.54389e+06
2.53598e+06
2.53895e+06
2.55245e+06
2.54316e+06
2.41223e+06
2.03469e+06
1.45939e+06
2.1656e+06
2.44094e+06
2.49741e+06
2.51143e+06
2.52649e+06
2.54441e+06
2.54736e+06
2.46818e+06
2.12421e+06
1.81486e+06
2.24963e+06
2.37442e+06
2.4446e+06
2.48644e+06
2.51422e+06
2.53432e+06
2.54584e+06
2.53634e+06
2.32788e+06
2.83154e+06
2.26701e+06
2.2803e+06
2.3905e+06
2.46421e+06
2.50382e+06
2.52323e+06
2.5337e+06
2.58862e+06
2.8564e+06
60703.7
94952.4
140099
271327
431366
589715
729255
836651
900634
910493
128370
199364
325860
408942
468296
516331
554918
580947
591099
586510
219164
269522
402750
481937
508073
495078
454566
399703
354392
357491
333658
333721
426124
488029
499238
463304
385824
279438
203104
287923
454885
383469
413096
445014
446783
411928
338677
242892
231749
409891
565313
410602
370703
373350
380937
378536
358861
341860
411639
627936
647417
420187
329861
331612
380398
445272
505218
561822
669360
910157
687878
439848
374532
423202
523991
646104
771982
892423
1.03658e+06
1.30069e+06
671893
524936
553555
646435
774504
931127
1.11474e+06
1.32534e+06
1.59199e+06
2.0168e+06
636441
739833
834888
943679
1.08243e+06
1.26177e+06
1.49509e+06
1.81615e+06
2.3736e+06
3.90866e+06
376799
852404
1.02593e+06
1.11876e+06
1.19615e+06
1.27307e+06
1.35502e+06
1.4445e+06
1.54717e+06
1.66782e+06
395779
711761
920177
1.05619e+06
1.15624e+06
1.24307e+06
1.326e+06
1.41184e+06
1.50628e+06
1.61266e+06
461992
662188
851088
999005
1.11325e+06
1.20762e+06
1.29199e+06
1.37307e+06
1.45691e+06
1.5477e+06
529397
670735
826388
964281
1.07855e+06
1.17389e+06
1.25639e+06
1.33124e+06
1.40388e+06
1.47828e+06
591408
705938
832486
951923
1.05649e+06
1.14577e+06
1.22235e+06
1.28895e+06
1.34933e+06
1.40726e+06
649714
749560
854712
955289
1.04587e+06
1.12456e+06
1.19152e+06
1.2476e+06
1.29515e+06
1.33725e+06
705962
794829
883929
967817
1.04347e+06
1.10916e+06
1.16428e+06
1.20832e+06
1.24234e+06
1.26957e+06
761140
839964
915809
985045
1.04621e+06
1.09823e+06
1.14016e+06
1.17107e+06
1.19155e+06
1.20489e+06
815786
884792
948721
1.0047e+06
1.05203e+06
1.09018e+06
1.11856e+06
1.13597e+06
1.14267e+06
1.14293e+06
870412
929611
982210
1.02569e+06
1.05976e+06
1.08431e+06
1.09885e+06
1.10243e+06
1.09557e+06
1.08319e+06
925473
974844
1.01636e+06
1.04778e+06
1.0689e+06
1.07989e+06
1.08069e+06
1.0704e+06
1.04963e+06
1.02467e+06
981549
1.02098e+06
1.05146e+06
1.07093e+06
1.07931e+06
1.07693e+06
1.06377e+06
1.03927e+06
1.00444e+06
966508
1.03921e+06
1.06853e+06
1.08789e+06
1.09546e+06
1.09109e+06
1.07518e+06
1.04803e+06
1.00906e+06
959320
907596
1.09913e+06
1.11802e+06
1.12604e+06
1.12156e+06
1.10439e+06
1.07495e+06
1.03337e+06
979255
913900
847099
1.16195e+06
1.16996e+06
1.16633e+06
1.14963e+06
1.11946e+06
1.07612e+06
1.01988e+06
950025
867623
783977
1.22835e+06
1.22488e+06
1.20918e+06
1.17992e+06
1.13652e+06
1.07912e+06
1.00759e+06
921050
820325
717516
1.29893e+06
1.28327e+06
1.25499e+06
1.21282e+06
1.15584e+06
1.08389e+06
996697
892683
771758
646859
1.3743e+06
1.34563e+06
1.30414e+06
1.24854e+06
1.17759e+06
1.0908e+06
987283
864841
722189
571586
1.45494e+06
1.41242e+06
1.35703e+06
1.28743e+06
1.20193e+06
1.09968e+06
979497
838076
672010
491462
1.54134e+06
1.48414e+06
1.41406e+06
1.32962e+06
1.22884e+06
1.11063e+06
973224
812429
622356
407465
1.63389e+06
1.56137e+06
1.47567e+06
1.37531e+06
1.25809e+06
1.12293e+06
968065
788317
574830
322943
1.7331e+06
1.6449e+06
1.54242e+06
1.42434e+06
1.2889e+06
1.1356e+06
962874
765295
532091
248729
1.83975e+06
1.736e+06
1.61495e+06
1.47626e+06
1.31963e+06
1.14617e+06
955549
742704
497418
212704
1.95544e+06
1.83679e+06
1.69387e+06
1.52937e+06
1.34695e+06
1.15086e+06
942458
718442
474575
247708
2.08356e+06
1.95061e+06
1.77882e+06
1.57952e+06
1.36465e+06
1.14309e+06
918323
689734
466227
340320
2.23168e+06
2.08159e+06
1.86551e+06
1.61696e+06
1.36211e+06
1.11398e+06
876344
652652
472729
458759
2.41612e+06
2.22982e+06
1.93845e+06
1.62276e+06
1.32393e+06
1.0525e+06
809431
603980
491379
583177
2.67001e+06
2.37363e+06
1.95904e+06
1.56799e+06
1.23304e+06
949291
712610
542723
517396
700250
3.05033e+06
2.42776e+06
1.86563e+06
1.42663e+06
1.08035e+06
802052
587091
473746
545945
799079
3.54429e+06
2.24135e+06
1.63593e+06
1.20644e+06
879487
624770
446713
410679
571604
870867
309815
402517
505125
617536
740610
876387
1.03022e+06
1.21523e+06
1.47153e+06
1.97356e+06
313960
419414
539610
673578
821744
986059
1.17071e+06
1.3796e+06
1.59496e+06
1.70068e+06
324479
439484
572346
720219
881639
1.05546e+06
1.23922e+06
1.42379e+06
1.58233e+06
1.66495e+06
336944
459903
601990
757886
923583
1.09498e+06
1.26643e+06
1.42894e+06
1.57001e+06
1.67711e+06
352913
483098
632936
793449
958359
1.12278e+06
1.28255e+06
1.43402e+06
1.57546e+06
1.70437e+06
377911
516351
673931
836790
997325
1.15234e+06
1.3013e+06
1.44598e+06
1.59039e+06
1.73448e+06
421427
571028
736928
897979
1.04825e+06
1.1891e+06
1.32485e+06
1.46126e+06
1.60571e+06
1.75942e+06
502118
668410
835981
982385
1.11115e+06
1.23079e+06
1.34919e+06
1.47387e+06
1.61399e+06
1.77165e+06
675145
837032
971666
1.07846e+06
1.17344e+06
1.26773e+06
1.36709e+06
1.47795e+06
1.60861e+06
1.76314e+06
1.12505e+06
1.04469e+06
1.08646e+06
1.14357e+06
1.21067e+06
1.28606e+06
1.37154e+06
1.46838e+06
1.58332e+06
1.72251e+06
567635
1.15205e+06
1.34111e+06
1.32485e+06
1.26487e+06
1.20215e+06
1.14444e+06
1.09332e+06
1.05032e+06
1.01745e+06
177981
580176
770192
855500
881825
881308
872373
865286
867187
882775
133393
259471
418123
512516
570154
606183
632154
657754
691249
738359
162393
77746.4
205739
296211
359511
407585
448620
489592
537104
596600
147285
10571.1
96223
174509
233324
280656
322737
364729
411551
468218
115774
34508.4
56705.8
114202
162321
202981
239533
275317
313861
359764
83184.4
37498.5
46141.9
83818.2
120221
152877
182578
210846
239838
273424
55717.7
30914.9
37790.9
63431.2
90893.9
116984
141093
163393
184793
208085
35299.9
21723.1
27315
46154.4
67864.2
89520.7
109887
128306
144742
160825
21895.2
13101.6
16200.4
31415.4
49884.3
68889.9
86972.4
103073
116577
128159
14647.2
7335.01
6852.13
21184.3
37924.6
55203
71679.8
86203.7
97898.4
106816
12490.3
8550.95
8442.41
19131.2
33465.3
48746.6
63491.5
76498.1
86790.6
94084.4
14329
14416.7
17002.9
24640.6
35903.8
48675.1
61345.6
72670.8
81655.8
87878.7
19147.9
21692.8
26059.3
33043.8
42379
52995.1
63679.9
73364.8
81164
86673.9
26247.4
30045.2
35458.8
42423.9
50786.5
59945.4
69087.3
77430.9
84297.9
89407.9
35258.2
39641.4
45595
52603.7
60437.8
68667.8
76736.7
84124.1
90378.1
95380.8
46097.4
50755.5
56938
63911.8
71380.8
78984
86322.9
93082.9
99013
104150
58962.5
63774.3
70005.6
76839.3
83964.3
91067.7
97863.3
104201
109998
115417
74353.1
79251.5
85401.7
91966.2
98670.7
105257
111534
117495
123201
128914
93114.5
97967.5
103865
109963
116060
121962
127565
132996
138450
144266
116502
120978
126300
131593
136737
141598
146148
150641
155402
160834
146256
149641
153768
157666
161273
164488
167324
170142
173386
177529
184677
185598
187391
188882
190014
190647
190763
190765
191190
192586
234688
230677
228096
225478
222663
219353
215354
210982
206762
203319
299904
286610
276063
266481
257477
248359
238509
227901
216831
205947
384688
354366
329499
308295
289873
272645
255118
236531
216548
195675
494349
432293
381998
342254
310455
282917
256567
229345
199686
167678
634461
511091
418027
352158
303989
265765
231950
198447
161856
122313
810100
564381
412408
319079
257804
215105
182274
152462
122160
98317
1.01701e+06
557540
376384
285532
236623
211369
197356
188124
182205
186444
2.70808e+06
2.18961e+06
1.94814e+06
1.76489e+06
1.61939e+06
1.50039e+06
1.39842e+06
1.30671e+06
1.22125e+06
1.14e+06
2.15654e+06
2.1207e+06
2.01975e+06
1.89177e+06
1.76382e+06
1.64447e+06
1.53224e+06
1.42284e+06
1.31212e+06
1.19714e+06
1.96841e+06
1.98803e+06
1.9769e+06
1.92271e+06
1.83805e+06
1.7374e+06
1.62754e+06
1.50933e+06
1.3806e+06
1.23878e+06
1.89969e+06
1.91191e+06
1.92618e+06
1.91419e+06
1.86585e+06
1.78689e+06
1.68503e+06
1.56434e+06
1.42487e+06
1.26494e+06
1.87488e+06
1.87981e+06
1.89637e+06
1.89954e+06
1.86943e+06
1.80388e+06
1.70852e+06
1.58828e+06
1.44439e+06
1.27588e+06
1.87111e+06
1.8738e+06
1.88795e+06
1.89008e+06
1.86028e+06
1.7957e+06
1.70145e+06
1.58225e+06
1.43937e+06
1.27192e+06
1.88876e+06
1.89213e+06
1.89864e+06
1.88462e+06
1.83829e+06
1.76277e+06
1.66435e+06
1.54674e+06
1.41014e+06
1.25322e+06
1.9497e+06
1.94668e+06
1.92321e+06
1.87042e+06
1.79242e+06
1.69884e+06
1.59495e+06
1.48159e+06
1.35717e+06
1.21973e+06
2.11542e+06
2.03845e+06
1.93019e+06
1.81549e+06
1.70213e+06
1.59429e+06
1.49049e+06
1.38732e+06
1.28161e+06
1.17149e+06
2.47955e+06
2.03516e+06
1.81976e+06
1.66909e+06
1.54753e+06
1.44467e+06
1.35332e+06
1.26845e+06
1.18742e+06
1.10959e+06
1.17904e+06
1.51946e+06
1.92221e+06
2.23989e+06
2.49056e+06
2.6937e+06
2.85447e+06
2.92124e+06
2.62243e+06
2.17278e+06
882149
1.45996e+06
1.96187e+06
2.33696e+06
2.61023e+06
2.7932e+06
2.86533e+06
2.74115e+06
2.25118e+06
1.29431e+06
658326
1.33794e+06
1.90302e+06
2.31293e+06
2.58654e+06
2.72498e+06
2.69678e+06
2.42811e+06
1.79877e+06
605858
672783
1.26103e+06
1.80881e+06
2.20943e+06
2.45872e+06
2.54596e+06
2.43971e+06
2.08735e+06
1.42618e+06
485177
898526
1.25969e+06
1.71408e+06
2.06398e+06
2.27056e+06
2.31202e+06
2.16296e+06
1.80061e+06
1.24206e+06
798318
1.20198e+06
1.32241e+06
1.63128e+06
1.90022e+06
2.05412e+06
2.06117e+06
1.905e+06
1.59515e+06
1.22705e+06
1.1471e+06
1.51284e+06
1.42434e+06
1.5633e+06
1.73127e+06
1.82798e+06
1.8125e+06
1.6777e+06
1.46328e+06
1.30897e+06
1.46694e+06
1.80288e+06
1.54455e+06
1.51137e+06
1.56511e+06
1.60129e+06
1.57269e+06
1.48019e+06
1.3852e+06
1.42978e+06
1.7504e+06
2.06013e+06
1.66719e+06
1.47508e+06
1.40725e+06
1.37821e+06
1.34222e+06
1.30746e+06
1.34386e+06
1.55778e+06
1.99705e+06
2.27903e+06
1.78192e+06
1.45294e+06
1.26227e+06
1.1608e+06
1.12019e+06
1.15648e+06
1.32552e+06
1.67755e+06
2.20578e+06
2.4575e+06
1.88157e+06
1.4417e+06
1.13435e+06
951264
906032
1.02598e+06
1.32103e+06
1.78092e+06
2.37647e+06
2.59486e+06
1.96177e+06
1.43778e+06
1.02798e+06
753623
701642
918090
1.32323e+06
1.86362e+06
2.50844e+06
2.69106e+06
2.01945e+06
1.43747e+06
947987
577621
514118
836610
1.32778e+06
1.92292e+06
2.60135e+06
2.74643e+06
2.05306e+06
1.43805e+06
899356
447085
367032
787355
1.33136e+06
1.95744e+06
2.65495e+06
2.7609e+06
2.06141e+06
1.43768e+06
885944
407173
320309
775088
1.33271e+06
1.96624e+06
2.66866e+06
2.73471e+06
2.04446e+06
1.43601e+06
909180
481312
410427
801653
1.33118e+06
1.94912e+06
2.64266e+06
2.6673e+06
2.00218e+06
1.43386e+06
967407
631731
577817
864565
1.32806e+06
1.90624e+06
2.57609e+06
2.55867e+06
1.93589e+06
1.43361e+06
1.05683e+06
819166
775660
958609
1.32522e+06
1.83845e+06
2.46951e+06
2.40784e+06
1.84718e+06
1.43884e+06
1.17298e+06
1.02552e+06
987977
1.07858e+06
1.3268e+06
1.74751e+06
2.32182e+06
2.21492e+06
1.73993e+06
1.45443e+06
1.31181e+06
1.24367e+06
1.20967e+06
1.22042e+06
1.33776e+06
1.63648e+06
2.13395e+06
1.97939e+06
1.61966e+06
1.48571e+06
1.46994e+06
1.47061e+06
1.43945e+06
1.38232e+06
1.36561e+06
1.51111e+06
1.90471e+06
1.70341e+06
1.49663e+06
1.53788e+06
1.64442e+06
1.70509e+06
1.67766e+06
1.56417e+06
1.41869e+06
1.38143e+06
1.63557e+06
1.39154e+06
1.38595e+06
1.61463e+06
1.83232e+06
1.94616e+06
1.92551e+06
1.76812e+06
1.50788e+06
1.26603e+06
1.32609e+06
1.0596e+06
1.31083e+06
1.71774e+06
2.03016e+06
2.19224e+06
2.18414e+06
1.99793e+06
1.64488e+06
1.19736e+06
980966
754136
1.29829e+06
1.84651e+06
2.23301e+06
2.4392e+06
2.45241e+06
2.25767e+06
1.84421e+06
1.2249e+06
615793
619388
1.37175e+06
1.99853e+06
2.43306e+06
2.67731e+06
2.72254e+06
2.54665e+06
2.11789e+06
1.40186e+06
370288
812006
1.53686e+06
2.16732e+06
2.61616e+06
2.88679e+06
2.973e+06
2.84848e+06
2.46554e+06
1.75531e+06
662578
1.20987e+06
1.77648e+06
2.33576e+06
2.75686e+06
3.03347e+06
3.16236e+06
3.1182e+06
2.84395e+06
2.25617e+06
1.31173e+06
1.68611e+06
2.03599e+06
2.46228e+06
2.8147e+06
3.07066e+06
3.22965e+06
3.27683e+06
3.15293e+06
2.76444e+06
2.23585e+06
2.14873e+06
2.20174e+06
2.48035e+06
2.74623e+06
2.95748e+06
3.11526e+06
3.22974e+06
3.27359e+06
3.05752e+06
3.32216e+06
144821
353451
373190
360147
345313
332844
322688
314736
309609
308505
139228
196614
241105
254788
256269
254618
253216
253733
257840
267299
161137
98686.7
136006
162179
175764
183442
189651
197285
208864
226635
164743
54752.7
60944.2
91365.1
111160
124409
135424
147597
163993
187270
154649
56972.2
13821.3
45921.3
67501.4
81775.9
93429.3
106314
124055
149800
138173
65217.1
23814.1
33796.9
49976.2
59979.7
66885.9
75107.8
89647.3
114706
119746
66907.4
39907.7
43746.6
53727.9
58442.8
57990.5
56324.2
61554.5
82365.4
101639
63293
47149.6
53377.6
62944.4
66419.3
62142
51539.7
41959.2
53276.6
85012.1
56579.1
48324
58610.3
70466.4
75459.3
71131.4
57147.6
35785
29349.4
70490.7
48325.1
45671.6
60289
75401.2
83101
80650.4
67221
43521
21736.6
58462.8
39480.2
40804.7
59830.4
78500.4
89345.2
89636.6
78642.4
57764.5
37477.1
49185.6
30649.9
35014.5
58608
80820.9
94878.9
98270
90587.8
74184.5
59382.2
42872.5
22300.4
29593.7
57865.6
83372.5
100508
107109
103170
91783.5
82802.8
39689.6
15107.2
26096.7
58630.4
86994.4
106971
116785
116834
110701
107602
39775.1
10826.1
25987.8
61550.9
92294.3
114888
127910
132139
131449
134390
43169.1
11958
29385.5
66795.5
99641
124757
141058
149690
154687
163981
49836.2
16623
34994.9
74179.8
109251
137019
156803
170137
181156
197255
59624.1
21746.3
41472
83478.6
121363
152174
175788
194199
211650
235101
72290.8
25731.4
48141.6
94824.2
136518
170975
198857
222734
247024
278356
87392.4
27299.8
55354.1
109165
155908
194678
227208
256807
288187
327751
104253
24726.5
65271.3
128851
181807
225337
262580
297784
336109
383816
121757
15712.5
82907.6
158157
217909
266021
307381
347371
391774
446801
138207
8108.41
116113
203439
269411
320847
364675
407576
456117
516539
150860
44266.4
174184
272605
342596
394636
437917
480492
529859
592372
155183
111326
267800
374327
444023
492184
530317
567863
613278
673055
144516
225346
409202
516999
579425
617120
643870
670410
705893
756777
120319
409567
610060
707285
752087
770233
778091
787098
806175
841238
180672
681191
877600
948060
959902
947337
928899
914593
911389
923840
456868
1.03466e+06
1.21667e+06
1.232e+06
1.19026e+06
1.13751e+06
1.08827e+06
1.04724e+06
1.01765e+06
1.00192e+06
838077
1.51478e+06
1.61584e+06
1.52237e+06
1.41586e+06
1.3234e+06
1.24473e+06
1.17723e+06
1.11995e+06
1.07293e+06
843890
802979
734159
589358
383967
145154
197078
580155
1.22814e+06
2.34577e+06
1.04051e+06
918670
799670
626410
403390
146182
204361
561866
991251
1.3577e+06
1.23057e+06
993574
793446
579739
336954
88137.2
267546
579754
857047
992650
1.37692e+06
1.05706e+06
790747
546539
304150
102708
259877
493318
658120
710870
1.48422e+06
1.10638e+06
801926
555104
347322
201587
237127
377352
477964
500117
1.54785e+06
1.13527e+06
836595
639496
509531
421396
379909
401844
453554
467503
1.55414e+06
1.14248e+06
919734
835801
806243
777319
737340
707333
713367
712026
1.48052e+06
1.14632e+06
1.09099e+06
1.15405e+06
1.22315e+06
1.26204e+06
1.26544e+06
1.24552e+06
1.23146e+06
1.19709e+06
1.30562e+06
1.20092e+06
1.36773e+06
1.55797e+06
1.71055e+06
1.82405e+06
1.90752e+06
1.97259e+06
2.0378e+06
2.0694e+06
1.05824e+06
1.36517e+06
1.69946e+06
1.96726e+06
2.18018e+06
2.35898e+06
2.52296e+06
2.70296e+06
3.00618e+06
3.94798e+06
3.27497e+06
2.63859e+06
2.22754e+06
1.89986e+06
1.61281e+06
1.36476e+06
1.1479e+06
945593
767109
700154
1.99254e+06
2.24726e+06
2.01222e+06
1.74757e+06
1.51452e+06
1.31757e+06
1.14848e+06
989373
832612
683917
1.33626e+06
1.83732e+06
1.77729e+06
1.58895e+06
1.41279e+06
1.26803e+06
1.14739e+06
1.03027e+06
891599
712191
890370
1.45378e+06
1.5328e+06
1.42448e+06
1.30683e+06
1.2142e+06
1.1414e+06
1.06558e+06
948183
757916
555759
1.10451e+06
1.28337e+06
1.25206e+06
1.19465e+06
1.15449e+06
1.12898e+06
1.09539e+06
1.00636e+06
812806
375766
783899
1.029e+06
1.06885e+06
1.07374e+06
1.08726e+06
1.10919e+06
1.12012e+06
1.06904e+06
878408
428652
485882
767823
873382
943436
1.01257e+06
1.08222e+06
1.13982e+06
1.13785e+06
959208
607075
221567
494982
662658
802822
930683
1.04886e+06
1.15441e+06
1.21483e+06
1.06973e+06
806017
239165
212730
435403
656073
846736
1.01362e+06
1.16527e+06
1.29913e+06
1.25397e+06
906805
580864
186368
203059
517007
769655
981444
1.17229e+06
1.37707e+06
1.65317e+06
1.62095e+06
1.24229e+06
1.09046e+06
979327
890025
816326
752929
695547
641008
587129
1.15489e+06
1.12304e+06
1.06506e+06
992875
918839
849222
784150
721294
657666
590643
966139
978824
977195
950892
905089
849748
790175
727263
659379
584222
869505
878102
890177
887865
864278
824161
773200
714056
646421
568691
805682
808597
818679
822809
810140
780481
737541
684004
620216
545222
754031
754346
759435
760987
749983
724835
687600
640161
582843
515115
709149
708317
707180
700971
685450
660298
626703
585488
536572
479642
670800
668268
656483
637843
614534
587580
557076
522619
483631
439959
645320
629643
597018
563521
533685
506669
480618
454047
426180
397127
636485
559175
506734
468682
440665
418568
399618
382306
366280
352125
294283
245287
244739
254845
266687
280005
296934
320471
352210
429954
317547
284131
274611
275351
284215
297672
314739
337325
364547
413234
331319
307804
298475
293040
294159
301261
313234
330301
349942
387408
339133
321031
314030
307484
304116
305028
310479
320818
333571
363631
343398
327949
323131
317421
312637
309959
310279
314513
321003
343820
345450
331666
328136
323520
318851
314778
312120
311945
313360
329720
346498
333296
330719
326990
322832
318546
314599
311887
309945
321670
346922
334138
331992
328838
325212
321164
316910
313117
309440
318593
347210
334249
332559
329828
326603
322914
318818
314821
310574
318802
347222
334262
332751
330309
327441
324110
320339
316570
312389
320711
347086
333733
332608
330468
327889
324896
321493
318103
314263
323182
346410
333005
332094
330245
328003
325340
322292
319308
315862
325554
345117
331381
331037
329615
327731
325425
322734
320129
317050
327530
342551
329045
329250
328392
327038
325165
322846
320602
317827
329043
338216
324954
326357
326444
325819
324532
322667
320789
318276
330154
330755
318875
321910
323463
324028
323603
322338
320883
318596
331017
318640
309085
315204
319247
321644
322531
322132
321207
319142
331901
298955
294463
305422
313493
318869
321767
322624
322402
320539
333261
268092
272109
291509
306233
316225
322154
324821
325518
323837
335856
220514
239568
272650
297879
314967
325327
330506
332355
330743
340920
150172
193417
248865
290075
317427
333979
342468
345638
343852
350359
50695.3
134303
223094
285930
327075
351871
364625
369245
366846
366952
83881.9
87710.6
204162
289664
347355
382893
401388
407889
404479
394496
246978
141980
207518
303055
378202
428267
455939
466250
462219
437786
424773
263444
241801
320244
411375
482482
527017
547007
545332
502275
586858
399057
298222
327404
427559
528402
604041
647357
657109
593154
691184
517200
363239
314944
401368
536026
661523
753239
795683
713785
698526
595391
434276
306619
323579
472953
657756
830290
948545
864083
589775
626536
520735
372521
269566
355080
570732
828243
1.08548e+06
1.04729e+06
387105
620715
609993
487830
298892
130965
318932
667897
1.15775e+06
1.37715e+06
267402
161081
131010
118337
112967
110598
108931
106671
103088
98076.6
219282
159146
132115
119988
114474
111998
110396
108349
105137
100659
179742
149168
130896
121631
117081
114768
113135
111134
108159
104149
148172
133294
124064
119350
117224
116156
115171
113611
111118
107749
122449
116040
113601
113455
114370
115323
115683
115097
113454
110974
101048
99578.8
101722
105341
109238
112517
114664
115475
115009
113626
82995.2
84550.8
89728.1
96231
102764
108369
112497
114961
115891
115732
67631.8
71077.2
78264.3
86945.7
95733.5
103536
109684
113921
116358
117468
54525.1
59069.6
67600.6
77982.6
88726.2
98577.4
106710
112750
116732
119107
43355.9
48424.1
57861.2
69657
82166
93945.3
104004
111832
117356
120970
33907.2
39016.6
49113.9
62211.4
76397.2
90021.7
101943
111521
118566
123406
26013.4
30768.2
41466.9
55902.8
71748.4
87156.1
100870
112146
120690
126772
19569.2
23633.4
35126.4
51059.8
68572.1
85692.6
101114
114026
124053
131436
14494.4
17686.9
30481.1
48098.7
67245.1
85973.8
102993
117468
128978
137771
10741
13212.9
28078.5
47453.9
68128.3
88324
106814
122776
135789
146159
8262.8
10873.8
28381.9
49434.6
71505.1
93026.5
112863
130249
144816
156993
7016.67
11218.8
31410.2
54135.7
77562.5
100323
121413
140184
156396
170666
6916.13
13719.5
36832.8
61532.9
86449
110453
132748
152893
170871
187562
7789.21
17574.4
44448.1
71717.6
98413.9
123738
147212
168727
188597
208029
9328.81
22708.2
54529
85132.6
113974
140697
165289
188110
209934
232343
11081.1
29870.6
68032.9
102795
134096
162183
187682
211584
235247
260650
12411.1
40616.7
86774.6
126486
160357
189494
215389
239831
264874
292893
12604.7
57557.2
113711
158941
195031
224414
249714
273658
299080
328728
11998.5
84680.8
153185
203874
241021
269108
292153
313889
337958
367441
17581.5
128422
211176
265734
301480
325755
344063
361109
381273
407895
41462.4
198579
294802
348921
379134
395891
406077
415245
428259
448525
95436.2
307909
410120
456421
475152
479310
477260
475047
477416
487433
204619
463982
558713
588436
587284
572553
554231
537686
526416
522550
409773
653836
739689
739283
706505
667577
630914
598760
572191
551875
669634
893430
948455
885334
814241
752435
699400
652870
611284
573704
16287.9
36086.2
51918.2
65971.9
76773.2
82931.5
83265.9
77369.1
65232.1
46113.8
31188.8
27258.3
31242.7
38909.5
46419.6
53043.3
58997
65476.2
74494.7
89886.5
30373.3
38955.7
37314
33032.6
33612.1
43234.1
60064.4
81328.5
105920
135094
28787.3
43060.8
41620.5
34343.3
34398.3
49757.3
74739.7
104449
137190
173898
32400.4
40042.6
39264.8
36098.9
43622.9
64657.3
93880.5
128084
166095
208925
38095.8
30354.5
33446.5
41528.6
58305.5
82656.3
113137
149432
191629
241234
38900.7
17629.9
39686.9
59753.3
80397.1
103402
130955
166015
211214
269363
25832.7
41464.7
76223.7
98878.9
116965
133920
153181
180305
223669
290560
21657.1
98461.1
138492
158712
171685
183123
195270
211848
245074
318237
133660
182041
218524
230104
239210
250935
266495
289919
341457
524224
376416
348453
310971
277026
246917
220107
196322
175567
160038
153908
332004
332658
336368
337405
336829
337016
339594
345424
355018
368490
321877
327912
336812
345442
352831
359177
364414
369023
372600
374799
295914
302115
310550
318973
326496
333019
338388
342462
344958
345840
263402
268713
275856
283074
289642
295588
300693
305355
308901
310334
227829
232344
238527
244898
250853
256409
261535
266175
269759
271677
189906
193571
198843
204372
209591
214622
219333
224211
228423
230591
147606
150167
154424
159110
163711
168301
172892
177464
181320
183645
96756.9
97506.5
100115
103502
107160
111265
115619
120720
125500
128222
36491.7
33475.6
31281
31040
32793.6
36433.6
41748.6
48248.1
55016.8
60579.8
78623.6
118570
152319
182857
210136
234957
259035
285712
322848
410063
134368
152236
169668
187000
204153
221739
240941
262553
281175
270150
187164
194382
199121
203481
208602
215288
223485
230982
231363
216315
232344
231910
226799
220112
214065
209797
206869
203020
194862
180442
271191
262568
247509
230390
214480
201233
190226
179756
167931
154008
306055
285569
258450
230784
206794
187673
172477
159391
146745
133804
336141
298669
256463
218848
189941
169016
153563
141047
129565
118231
360106
296763
237002
193399
165256
147324
135038
125308
116205
106902
373822
267674
196169
157959
138248
127201
119896
113746
107277
99958.4
404843
201528
145689
127110
118858
114360
111136
107717
103186
97322.5
)
;

boundaryField
{
    topandbottom
    {
        type            empty;
    }
    frontload
    {
        type            calculated;
        value           nonuniform List<scalar> 
30
(
701942
938261
1.27166e+06
1.56216e+06
1.81433e+06
2.03398e+06
2.22338e+06
2.38285e+06
2.51205e+06
2.61071e+06
2.6784e+06
2.71503e+06
2.72008e+06
2.69342e+06
2.6343e+06
2.54245e+06
2.4168e+06
2.25704e+06
2.0621e+06
1.83231e+06
1.56824e+06
1.27471e+06
964707
683103
568893
763031
1.13981e+06
1.58211e+06
2.0622e+06
2.53052e+06
)
;
    }
    backload
    {
        type            calculated;
        value           nonuniform List<scalar> 
30
(
1.16207e+06
813821
562127
589164
846423
1.17115e+06
1.49554e+06
1.79485e+06
2.05875e+06
2.28254e+06
2.46456e+06
2.60444e+06
2.70233e+06
2.75863e+06
2.77339e+06
2.74679e+06
2.67836e+06
2.5679e+06
2.41444e+06
2.2177e+06
1.97698e+06
1.69354e+06
1.37078e+06
1.02133e+06
686076
521630
734354
1.15881e+06
1.66007e+06
2.16762e+06
)
;
    }
    floor
    {
        type            calculated;
        value           nonuniform List<scalar> 
130
(
311061
401757
500934
608628
725829
854279
998633
1.17302e+06
1.43994e+06
2.10141e+06
1.03081e+06
907142
768441
626890
494736
380653
288579
218408
167550
132449
109586
95982.4
89332.1
87958.6
90703.5
96806.2
105782
117298
131044
146585
163194
179645
193977
203256
203426
189464
156466
105293
85564.3
187356
1.14186e+06
1.18934e+06
1.22275e+06
1.24301e+06
1.25097e+06
1.24719e+06
1.23175e+06
1.20429e+06
1.16414e+06
1.11138e+06
315136
276232
237146
198593
161218
125608
92278.5
61829.3
35900.5
23329.4
36266.2
58836.9
83691.7
110216
138952
170735
206481
247111
293463
346224
405810
472267
545131
623350
705240
788559
870687
948904
1.0207e+06
1.08397e+06
584130
583401
573922
556873
533498
504955
472199
435993
396965
355680
442613
260402
207031
173138
147422
127539
112274
101349
94944.5
92968.6
94414.4
97670.8
101834
106093
109947
113184
115818
118023
120077
122320
125121
128869
133962
140808
149824
161436
176064
194115
215940
241792
271754
305650
342960
382725
423531
463544
500683
532844
558207
575453
)
;
    }
    outerfree
    {
        type            calculated;
        value           nonuniform List<scalar> 
180
(
309660
545144
684215
789502
872515
938133
989591
1.02934e+06
1.05937e+06
1.08144e+06
1.0971e+06
1.10785e+06
1.11515e+06
1.12045e+06
1.12525e+06
1.1311e+06
1.13967e+06
1.15278e+06
1.17238e+06
1.20051e+06
1.239e+06
1.28896e+06
1.34986e+06
1.4183e+06
1.48668e+06
1.54254e+06
1.56882e+06
1.54678e+06
1.46339e+06
1.32404e+06
81096.2
71410.1
94903
246385
418007
583550
727949
838624
904499
914366
82713
147222
231230
340212
459276
569594
651827
689840
662683
566121
1.6659e+06
1.61005e+06
1.54442e+06
1.47431e+06
1.40275e+06
1.33219e+06
1.26409e+06
1.19898e+06
1.13664e+06
1.07641e+06
1.01737e+06
958504
898775
837171
772701
704428
631451
552981
468445
377901
283268
193429
145429
196580
309469
440957
573817
696557
799117
873216
2.00975e+06
1.69917e+06
1.66334e+06
1.67808e+06
1.70654e+06
1.73692e+06
1.76164e+06
1.77329e+06
1.76397e+06
1.72186e+06
2.48575e+06
2.92094e+06
3.19731e+06
3.33707e+06
3.37433e+06
3.32713e+06
3.19904e+06
2.97742e+06
2.63388e+06
2.15523e+06
860564
1.0496e+06
1.24142e+06
1.38889e+06
1.49642e+06
1.55909e+06
1.56253e+06
1.48107e+06
1.28139e+06
956276
298555
319987
332899
340376
344545
346526
347569
347971
348292
348312
348238
347589
346377
343847
339591
332139
320032
300206
269063
220861
149418
47803.8
87918.6
254290
435428
600163
705766
711870
598381
390952
19444.4
40858.4
55769.2
68775.9
78700
83996.1
83476.1
76497.5
62611.9
38406.6
72828.2
115710
150639
181970
209813
234990
259164
285666
323406
418634
19201.2
30920.6
26402.5
23215.2
28660.5
37401.3
42124.6
37321.6
44028.2
156320
24167
19751.2
15214.9
13525.1
16008.7
21473.6
28732.8
36823.7
45054.1
51733.3
)
;
    }
    innerfree
    {
        type            calculated;
        value           nonuniform List<scalar> 
290
(
165983
707287
1.09483e+06
1.40458e+06
1.66417e+06
1.88679e+06
2.07742e+06
2.23752e+06
2.36717e+06
2.46626e+06
2.53434e+06
2.57127e+06
2.57655e+06
2.55008e+06
2.49126e+06
2.40003e+06
2.27571e+06
2.11833e+06
1.92722e+06
1.70255e+06
1.4438e+06
1.1517e+06
827804
484237
247548
535578
1.06379e+06
1.76898e+06
2.77593e+06
4.04221e+06
3.20955e+06
2.77965e+06
2.42147e+06
2.19636e+06
2.04286e+06
1.92487e+06
1.82681e+06
1.74305e+06
1.67194e+06
1.61305e+06
1.56591e+06
1.52977e+06
1.5035e+06
1.48577e+06
1.47514e+06
1.47011e+06
1.46919e+06
1.47088e+06
1.47371e+06
1.47617e+06
1.47677e+06
1.47399e+06
1.46637e+06
1.45246e+06
1.43095e+06
1.40055e+06
1.3598e+06
1.30558e+06
1.23205e+06
1.09012e+06
196378
314513
428292
510566
577399
637637
694971
750901
806159
861276
916768
973198
1.03118e+06
1.09139e+06
1.1545e+06
1.22119e+06
1.29209e+06
1.3678e+06
1.44885e+06
1.53569e+06
1.62874e+06
1.72848e+06
1.83567e+06
1.95185e+06
2.08036e+06
2.22893e+06
2.4151e+06
2.6775e+06
3.09102e+06
3.67892e+06
514713
73898.7
128041
169321
152507
119048
85155.9
56879.8
35988.6
22345.6
14997.7
12741.6
14430.1
19123.7
26152.2
35130.4
45958.1
58822.6
74219.1
92993.3
116404
146201
184705
234875
300396
385795
496767
639990
823447
1.04617e+06
2.97582e+06
2.27821e+06
2.27589e+06
2.38732e+06
2.46301e+06
2.50327e+06
2.52239e+06
2.53299e+06
2.59514e+06
2.91968e+06
2.19257e+06
1.16204e+06
355427
300487
739502
1.12249e+06
1.4569e+06
1.74907e+06
2.00135e+06
2.21429e+06
2.38793e+06
2.52209e+06
2.61645e+06
2.67083e+06
2.68486e+06
2.65839e+06
2.59102e+06
2.48266e+06
2.33281e+06
2.14142e+06
1.90784e+06
1.63188e+06
1.31252e+06
948794
538460
116778
515881
1.21897e+06
2.20154e+06
3.44738e+06
61069.7
123292
163238
169065
158159
140650
121470
102870
85947
71271.2
59203
49971.5
43759.2
40688
40862.8
44325.8
51085.4
61036
73976.7
89477.2
106884
125081
142389
155972
160810
147001
93477.2
49804.9
349344
771802
840352
592952
200150
193688
510939
765793
978812
1.17092e+06
1.38018e+06
1.69342e+06
274801
222617
181047
148654
122584
101008
82863
67447.5
54319.1
43147.4
33715.6
25856.1
19467.5
14472
10827.4
8486.08
7397.02
7456.5
8493.18
10200.7
12104.5
13453.4
13120.4
9412.6
4299.91
26019.7
75578.3
179027
387514
684014
440364
416597
389985
365608
345248
330718
322402
319208
319399
321343
323870
326301
328334
329901
331065
331980
332914
334319
336948
342026
351455
368012
395505
438773
503359
594658
716618
871381
1.07141e+06
1.47097e+06
380888
346980
305208
268030
234408
202463
170227
135089
97478.7
69917
3.40976e+06
2.65851e+06
2.23218e+06
1.90235e+06
1.61396e+06
1.36441e+06
1.1459e+06
942538
765430
709924
3.62309e+06
2.79574e+06
2.64691e+06
2.63611e+06
2.61698e+06
2.58491e+06
2.54736e+06
2.51034e+06
2.53004e+06
2.83833e+06
)
;
    }
}


// ************************************************************************* //
